case_name,predicted_output,expected_output,correct,input_tokens,output_tokens,latency,cost,expt_name
calendar_scheduling_example_99,"Here is the proposed time: Monday, 15:00 - 16:00","{'num_people': '3', 'num_days': '1', 'duration': '1', 'prompt_5shot': ""You are an expert at scheduling meetings. You are given a few constraints on the existing schedule of each participant, the meeting duration, and possibly some preferences on the meeting time. Note there exists a solution that works with existing schedule of every participant. Here are a few example tasks and solutions:\n\nTASK: You need to schedule a meeting for Roger, Karen and Dorothy for half an hour between the work hours of 9:00 to 17:00 on Monday. \n\nHere are the existing schedules for everyone during the day: \nRoger's calendar is wide open the entire day.\nKaren has meetings on Monday during 10:00 to 10:30, 11:30 to 12:00, 12:30 to 13:00, 14:00 to 15:00, 15:30 to 16:00; \nDorothy is busy on Monday during 9:00 to 10:00, 10:30 to 11:00, 11:30 to 12:00, 12:30 to 13:00, 14:00 to 15:30, 16:00 to 17:00; \n\nYou would like to schedule the meeting at their earlist availability.\nFind a time that works for everyone's schedule and constraints. \nSOLUTION: Here is the proposed time: Monday, 11:00 - 11:30 \n\nTASK: You need to schedule a meeting for Douglas, Lawrence and Isabella for half an hour between the work hours of 9:00 to 17:00 on Monday. \n\nHere are the existing schedules for everyone during the day: \nDouglas has meetings on Monday during 12:00 to 12:30, 15:00 to 15:30; \nLawrence has meetings on Monday during 10:30 to 12:00, 13:00 to 13:30, 14:00 to 14:30, 15:30 to 16:00; \nIsabella is busy on Monday during 9:00 to 12:30, 13:30 to 17:00; \n\nFind a time that works for everyone's schedule and constraints. \nSOLUTION: Here is the proposed time: Monday, 12:30 - 13:00 \n\nTASK: You need to schedule a meeting for Joshua, Denise and Jeremy for one hour between the work hours of 9:00 to 17:00 on Monday. \n\nHere are the existing schedules for everyone during the day: \nJoshua is busy on Monday during 10:00 to 10:30, 12:00 to 12:30, 14:00 to 14:30, 15:00 to 15:30; \nDenise's calendar is wide open the entire day.\nJeremy has meetings on Monday during 9:30 to 10:30, 12:00 to 13:00, 13:30 to 14:00, 14:30 to 15:00, 15:30 to 16:00, 16:30 to 17:00; \n\nFind a time that works for everyone's schedule and constraints. \nSOLUTION: Here is the proposed time: Monday, 10:30 - 11:30 \n\nTASK: You need to schedule a meeting for Alan, Elizabeth and Denise for half an hour between the work hours of 9:00 to 17:00 on Monday. \n\nHere are the existing schedules for everyone during the day: \nAlan has blocked their calendar on Monday during 13:00 to 13:30, 14:00 to 14:30; \nElizabeth is busy on Monday during 9:00 to 9:30, 11:00 to 11:30; \nDenise has blocked their calendar on Monday during 9:00 to 10:00, 10:30 to 11:30, 12:30 to 13:00, 13:30 to 14:00, 14:30 to 16:00, 16:30 to 17:00; \n\nYou would like to schedule the meeting at their earlist availability.\nFind a time that works for everyone's schedule and constraints. \nSOLUTION: Here is the proposed time: Monday, 10:00 - 10:30 \n\nTASK: You need to schedule a meeting for Mason, Bruce and Christopher for half an hour between the work hours of 9:00 to 17:00 on Monday. \n\nHere are the existing schedules for everyone during the day: \nMason has meetings on Monday during 9:30 to 10:00, 11:00 to 11:30, 14:30 to 15:00, 16:30 to 17:00; \nBruce is free the entire day.\nChristopher is busy on Monday during 9:30 to 10:30, 11:30 to 12:30, 15:00 to 17:00; \n\nMason would rather not meet on Monday before 12:30. Find a time that works for everyone's schedule and constraints. \nSOLUTION: Here is the proposed time: Monday, 12:30 - 13:00 \n\nTASK: You need to schedule a meeting for Stephanie, Mark and Scott for one hour between the work hours of 9:00 to 17:00 on Monday. \n\nHere are the existing schedules for everyone during the day: \nStephanie has blocked their calendar on Monday during 9:00 to 9:30, 13:30 to 14:00; \nMark's calendar is wide open the entire day.\nScott is busy on Monday during 9:00 to 10:00, 11:00 to 12:30, 14:30 to 15:00, 16:00 to 17:00; \n\nMark would like to avoid more meetings on Monday before 15:00. Find a time that works for everyone's schedule and constraints. \nSOLUTION: "", 'golden_plan': 'Here is the proposed time: Monday, 15:00 - 16:00 ', 'pred_5shot_pro': 'Here is the proposed time: Monday, 15:00 - 16:00 \n', 'prompt_0shot': ""You are an expert at scheduling meetings. You are given a few constraints on the existing schedule of each participant, the meeting duration, and possibly some preferences on the meeting time. Note there exists a solution that works with existing schedule of every participant. Here are a few example tasks and solutions:\n\nTASK: You need to schedule a meeting for Stephanie, Mark and Scott for one hour between the work hours of 9:00 to 17:00 on Monday. \n\nHere are the existing schedules for everyone during the day: \nStephanie has blocked their calendar on Monday during 9:00 to 9:30, 13:30 to 14:00; \nMark's calendar is wide open the entire day.\nScott is busy on Monday during 9:00 to 10:00, 11:00 to 12:30, 14:30 to 15:00, 16:00 to 17:00; \n\nMark would like to avoid more meetings on Monday before 15:00. Find a time that works for everyone's schedule and constraints. \nSOLUTION: ""}",True,475.0,152.0,3.1074678897857666,0.00034675,gemini_flash_lite_minibatch
calendar_scheduling_example_948,"Here is the proposed time: Monday, 11:00 - 12:00","{'num_people': '2', 'num_days': '5', 'duration': '1', 'prompt_5shot': ""You are an expert at scheduling meetings. You are given a few constraints on the existing schedule of each participant, the meeting duration, and possibly some preferences on the meeting time. Note there exists a solution that works with existing schedule of every participant. Here are a few example tasks and solutions:\n\nTASK: You need to schedule a meeting for David and Dorothy for half an hour between the work hours of 9:00 to 17:00 on either Monday, Tuesday, Wednesday, Thursday or Friday. \n\nHere are the existing schedules for everyone during the days: \nDavid is busy on Monday during 9:30 to 10:00, 10:30 to 11:30, 12:30 to 13:30, 14:30 to 15:30, Tuesday during 11:30 to 12:00, 15:00 to 15:30, 16:00 to 16:30, Wednesday during 9:30 to 10:30, 11:00 to 11:30, 14:00 to 14:30, 15:00 to 15:30, Thursday during 10:00 to 11:30, 12:00 to 14:30, 15:00 to 16:00, 16:30 to 17:00, Friday during 9:00 to 9:30, 16:00 to 16:30; \nDorothy has blocked their calendar on Monday during 9:00 to 11:30, 12:30 to 13:00, 13:30 to 17:00, Tuesday during 10:00 to 10:30, 11:00 to 11:30, 13:00 to 14:00, 14:30 to 16:00, 16:30 to 17:00, Wednesday during 9:00 to 13:00, 13:30 to 17:00, Thursday during 9:00 to 10:30, 11:00 to 12:30, 14:00 to 14:30, 15:00 to 16:30, Friday during 10:00 to 11:00, 12:00 to 12:30, 14:30 to 17:00; \n\nDavid do not want to meet on Thursday. Dorothy would like to avoid more meetings on Monday. Friday. The group would like to meet at their earlist availability.\nFind a time that works for everyone's schedule and constraints. \nSOLUTION: Here is the proposed time: Tuesday, 9:00 - 9:30 \n\nTASK: You need to schedule a meeting for Elizabeth and Vincent for half an hour between the work hours of 9:00 to 17:00 on either Monday, Tuesday, Wednesday, Thursday or Friday. \n\nHere are the existing schedules for everyone during the days: \nElizabeth is busy on Monday during 9:30 to 10:00, 10:30 to 14:00, 14:30 to 15:00, 16:00 to 16:30, Tuesday during 12:00 to 13:00, Wednesday during 10:00 to 10:30, 11:00 to 11:30, 12:00 to 12:30, 14:30 to 16:00, Thursday during 10:00 to 11:00, 11:30 to 12:30, 15:00 to 15:30, Friday during 9:30 to 10:30, 11:30 to 12:00, 12:30 to 13:00, 14:30 to 16:00; \nVincent has blocked their calendar on Monday during 9:00 to 12:00, 12:30 to 17:00, Tuesday during 9:00 to 11:00, 11:30 to 12:00, 12:30 to 15:00, 15:30 to 17:00, Wednesday during 9:00 to 15:30, 16:00 to 17:00, Thursday during 9:00 to 10:30, 11:00 to 13:00, 14:00 to 17:00, Friday during 9:00 to 17:00; \n\nYou would like to schedule the meeting at their earlist availability.\nFind a time that works for everyone's schedule and constraints. \nSOLUTION: Here is the proposed time: Tuesday, 11:00 - 11:30 \n\nTASK: You need to schedule a meeting for Bobby and Peter for half an hour between the work hours of 9:00 to 17:00 on either Monday, Tuesday, Wednesday, Thursday or Friday. \n\nHere are the existing schedules for everyone during the days: \nBobby is busy on Monday during 11:30 to 12:00, 13:00 to 13:30, 15:00 to 15:30, 16:00 to 16:30, Tuesday during 10:30 to 11:00, 12:30 to 13:30, 14:30 to 15:00, 16:30 to 17:00, Wednesday during 12:00 to 13:00, 15:00 to 15:30, Thursday during 10:00 to 10:30, 11:30 to 12:00, 13:30 to 14:00, Friday during 14:30 to 15:00; \nPeter is busy on Monday during 9:00 to 13:00, 13:30 to 17:00, Tuesday during 9:00 to 14:30, 15:30 to 17:00, Wednesday during 9:00 to 17:00, Thursday during 9:00 to 11:00, 11:30 to 12:30, 13:00 to 17:00, Friday during 9:00 to 12:30, 13:00 to 15:00, 15:30 to 16:30; \n\nBobby would like to avoid more meetings on Friday. Peter would rather not meet on Thursday. Find a time that works for everyone's schedule and constraints. \nSOLUTION: Here is the proposed time: Tuesday, 15:00 - 15:30 \n\nTASK: You need to schedule a meeting for Jacqueline and Joshua for one hour between the work hours of 9:00 to 17:00 on either Monday, Tuesday, Wednesday, Thursday or Friday. \n\nHere are the existing schedules for everyone during the days: \nJacqueline has blocked their calendar on Monday during 12:30 to 13:00, Wednesday during 9:30 to 10:00, 11:30 to 12:00, 13:00 to 14:00, 16:00 to 16:30, Thursday during 9:00 to 9:30, 11:30 to 12:00, 12:30 to 13:00, Friday during 10:00 to 11:30; \nJoshua has blocked their calendar on Monday during 9:30 to 10:00, 11:00 to 11:30, 12:00 to 12:30, 14:00 to 14:30, 16:00 to 17:00, Tuesday during 13:00 to 16:00, Wednesday during 9:00 to 13:00, 13:30 to 14:00, 14:30 to 15:30, 16:00 to 17:00, Thursday during 9:00 to 15:00, 15:30 to 17:00, Friday during 9:00 to 10:00, 11:00 to 12:00, 12:30 to 16:30; \n\nJoshua can not meet on Monday before 14:00. Tuesday. Find a time that works for everyone's schedule and constraints. \nSOLUTION: Here is the proposed time: Monday, 14:30 - 15:30 \n\nTASK: You need to schedule a meeting for Donald and Joshua for one hour between the work hours of 9:00 to 17:00 on either Monday, Tuesday, Wednesday, Thursday or Friday. \n\nHere are the existing schedules for everyone during the days: \nDonald has blocked their calendar on Monday during 9:00 to 9:30, 15:00 to 15:30, Tuesday during 10:00 to 11:00, 15:30 to 16:30, Wednesday during 10:00 to 10:30, 11:30 to 12:00, 15:00 to 15:30, Thursday during 9:00 to 9:30, 11:00 to 11:30, 12:30 to 13:00, Friday during 11:00 to 11:30, 14:30 to 15:00; \nJoshua has blocked their calendar on Monday during 9:00 to 11:30, 12:00 to 14:00, 14:30 to 15:00, 15:30 to 17:00, Tuesday during 9:00 to 12:30, 13:00 to 13:30, 14:00 to 16:30, Wednesday during 9:00 to 9:30, 10:30 to 11:00, 11:30 to 13:00, 13:30 to 14:00, 15:00 to 16:00, 16:30 to 17:00, Thursday during 9:00 to 16:30, Friday during 9:00 to 17:00; \n\nFind a time that works for everyone's schedule and constraints. \nSOLUTION: Here is the proposed time: Wednesday, 14:00 - 15:00 \n\nTASK: You need to schedule a meeting for Jordan and Michael for one hour between the work hours of 9:00 to 17:00 on either Monday, Tuesday, Wednesday, Thursday or Friday. \n\nHere are the existing schedules for everyone during the days: \nJordan has blocked their calendar on Monday during 9:30 to 10:00, Thursday during 12:00 to 12:30; \nMichael is busy on Monday during 10:00 to 11:00, 11:30 to 13:00, 13:30 to 16:00, 16:30 to 17:00, Tuesday during 9:30 to 10:00, 10:30 to 11:00, 11:30 to 12:00, 12:30 to 13:00, 13:30 to 14:00, 15:00 to 16:00, 16:30 to 17:00, Wednesday during 9:00 to 9:30, 10:00 to 16:30, Thursday during 10:00 to 10:30, 11:00 to 14:30, 15:00 to 15:30, 16:30 to 17:00, Friday during 10:30 to 11:30, 12:00 to 13:30, 14:00 to 15:00, 15:30 to 16:30; \n\nThe group would like to meet at their earlist availability.\nFind a time that works for everyone's schedule and constraints. \nSOLUTION: "", 'golden_plan': 'Here is the proposed time: Tuesday, 14:00 - 15:00 ', 'pred_5shot_pro': 'Here is the proposed time: Monday, 13:00 - 14:00 \n', 'prompt_0shot': ""You are an expert at scheduling meetings. You are given a few constraints on the existing schedule of each participant, the meeting duration, and possibly some preferences on the meeting time. Note there exists a solution that works with existing schedule of every participant. Here are a few example tasks and solutions:\n\nTASK: You need to schedule a meeting for Jordan and Michael for one hour between the work hours of 9:00 to 17:00 on either Monday, Tuesday, Wednesday, Thursday or Friday. \n\nHere are the existing schedules for everyone during the days: \nJordan has blocked their calendar on Monday during 9:30 to 10:00, Thursday during 12:00 to 12:30; \nMichael is busy on Monday during 10:00 to 11:00, 11:30 to 13:00, 13:30 to 16:00, 16:30 to 17:00, Tuesday during 9:30 to 10:00, 10:30 to 11:00, 11:30 to 12:00, 12:30 to 13:00, 13:30 to 14:00, 15:00 to 16:00, 16:30 to 17:00, Wednesday during 9:00 to 9:30, 10:00 to 16:30, Thursday during 10:00 to 10:30, 11:00 to 14:30, 15:00 to 15:30, 16:30 to 17:00, Friday during 10:30 to 11:30, 12:00 to 13:30, 14:00 to 15:00, 15:30 to 16:30; \n\nThe group would like to meet at their earlist availability.\nFind a time that works for everyone's schedule and constraints. \nSOLUTION: ""}",False,712.0,134.0,1.5363781452178955,0.000379,gemini_flash_lite_minibatch
calendar_scheduling_example_865,"Here is the proposed time: Monday, 09:00 - 10:00","{'num_people': '2', 'num_days': '4', 'duration': '1', 'prompt_5shot': ""You are an expert at scheduling meetings. You are given a few constraints on the existing schedule of each participant, the meeting duration, and possibly some preferences on the meeting time. Note there exists a solution that works with existing schedule of every participant. Here are a few example tasks and solutions:\n\nTASK: You need to schedule a meeting for Diane and Austin for half an hour between the work hours of 9:00 to 17:00 on either Monday, Tuesday, Wednesday or Thursday. \n\nHere are the existing schedules for everyone during the days: \nDiane has meetings on Monday during 9:00 to 9:30, 11:00 to 11:30, 13:30 to 14:00, Tuesday during 11:30 to 12:00, 16:30 to 17:00, Wednesday during 12:30 to 13:00, 14:00 to 14:30, Thursday during 9:30 to 10:00, 14:30 to 15:00, 15:30 to 16:00; \nAustin is busy on Monday during 9:00 to 10:00, 10:30 to 17:00, Tuesday during 9:00 to 17:00, Wednesday during 9:00 to 10:00, 11:00 to 16:00, Thursday during 9:00 to 12:00, 12:30 to 17:00; \n\nDiane would rather not meet on Thursday. Austin do not want to meet on Wednesday. Find a time that works for everyone's schedule and constraints. \nSOLUTION: Here is the proposed time: Monday, 10:00 - 10:30 \n\nTASK: You need to schedule a meeting for Henry and Patricia for half an hour between the work hours of 9:00 to 17:00 on either Monday, Tuesday, Wednesday or Thursday. \n\nHere are the existing schedules for everyone during the days: \nHenry is free the entire week.\nPatricia has blocked their calendar on Monday during 10:30 to 11:00, 11:30 to 13:30, 14:30 to 15:00, 15:30 to 16:00, Tuesday during 9:00 to 11:00, 11:30 to 12:00, 12:30 to 13:00, 15:00 to 15:30, 16:00 to 17:00, Wednesday during 9:00 to 11:30, 12:30 to 14:00, 16:00 to 16:30, Thursday during 10:00 to 10:30, 11:00 to 12:30, 14:00 to 15:00, 16:30 to 17:00; \n\nHenry can not meet on Monday. Wednesday. Thursday. Patricia would rather not meet on Tuesday after 12:30. Find a time that works for everyone's schedule and constraints. \nSOLUTION: Here is the proposed time: Tuesday, 12:00 - 12:30 \n\nTASK: You need to schedule a meeting for Charles and Walter for half an hour between the work hours of 9:00 to 17:00 on either Monday, Tuesday, Wednesday or Thursday. \n\nHere are the existing schedules for everyone during the days: \nCharles is busy on Monday during 9:00 to 11:00, 13:00 to 13:30, 16:00 to 16:30, Tuesday during 10:00 to 10:30, 11:30 to 12:00, 12:30 to 14:00, Wednesday during 9:30 to 10:30, 12:00 to 12:30, 13:00 to 14:00, 14:30 to 16:00, 16:30 to 17:00, Thursday during 10:00 to 12:00, 14:30 to 15:30, 16:00 to 17:00; \nWalter has meetings on Monday during 10:00 to 14:00, 14:30 to 15:00, 15:30 to 16:30, Tuesday during 9:00 to 10:00, 10:30 to 13:30, 14:00 to 15:30, 16:00 to 17:00, Wednesday during 10:30 to 11:00, 12:00 to 14:00, 15:30 to 16:00, Thursday during 9:00 to 15:00, 15:30 to 16:00, 16:30 to 17:00; \n\nCharles do not want to meet on Tuesday. Walter can not meet on Monday after 16:30. Wednesday. Find a time that works for everyone's schedule and constraints. \nSOLUTION: Here is the proposed time: Monday, 15:00 - 15:30 \n\nTASK: You need to schedule a meeting for Bryan and Abigail for half an hour between the work hours of 9:00 to 17:00 on either Monday, Tuesday, Wednesday or Thursday. \n\nHere are the existing schedules for everyone during the days: \nBryan is busy on Monday during 9:00 to 10:30, 11:30 to 12:00, 12:30 to 13:30, 15:00 to 15:30, 16:30 to 17:00, Tuesday during 10:30 to 11:00, 13:30 to 14:00, 16:30 to 17:00, Wednesday during 9:30 to 10:00, 12:00 to 13:00, Thursday during 10:30 to 11:00, 11:30 to 13:00, 13:30 to 14:00, 16:30 to 17:00; \nAbigail has meetings on Monday during 9:00 to 9:30, 10:00 to 10:30, 11:00 to 11:30, 12:30 to 13:00, 13:30 to 14:00, 14:30 to 15:00, 15:30 to 17:00, Tuesday during 9:30 to 14:00, 15:00 to 15:30, 16:00 to 16:30, Wednesday during 9:00 to 12:00, 12:30 to 13:00, 13:30 to 14:30, 15:00 to 15:30, 16:00 to 17:00, Thursday during 9:00 to 9:30, 10:00 to 13:30, 14:00 to 17:00; \n\nBryan can not meet on Tuesday. Abigail would like to avoid more meetings on Monday. Wednesday after 13:30. Thursday. Find a time that works for everyone's schedule and constraints. \nSOLUTION: Here is the proposed time: Wednesday, 13:00 - 13:30 \n\nTASK: You need to schedule a meeting for Nicole and Ronald for one hour between the work hours of 9:00 to 17:00 on either Monday, Tuesday, Wednesday or Thursday. \n\nHere are the existing schedules for everyone during the days: \nNicole is busy on Monday during 10:00 to 10:30, 11:30 to 12:00, 13:00 to 13:30, 14:00 to 14:30, 15:00 to 15:30, 16:30 to 17:00, Tuesday during 9:00 to 9:30, 10:30 to 11:30, 12:30 to 13:30, 14:00 to 15:30, 16:00 to 17:00, Wednesday during 9:00 to 9:30, 10:30 to 11:00, 12:30 to 13:30, 16:00 to 16:30, Thursday during 9:00 to 9:30, 11:00 to 12:30, 13:30 to 14:30, 16:30 to 17:00; \nRonald has blocked their calendar on Monday during 9:00 to 15:30, 16:30 to 17:00, Tuesday during 9:00 to 10:00, 11:00 to 11:30, 16:30 to 17:00, Wednesday during 9:00 to 12:00, 13:00 to 13:30, 14:00 to 14:30, 15:00 to 15:30, 16:00 to 17:00, Thursday during 9:00 to 9:30, 11:00 to 12:30, 13:00 to 14:30, 15:00 to 16:00; \n\nThe group would like to meet at their earlist availability.\nFind a time that works for everyone's schedule and constraints. \nSOLUTION: Here is the proposed time: Monday, 15:30 - 16:30 \n\nTASK: You need to schedule a meeting for Megan and Daniel for one hour between the work hours of 9:00 to 17:00 on either Monday, Tuesday, Wednesday or Thursday. \n\nHere are the existing schedules for everyone during the days: \nMegan has meetings on Monday during 13:00 to 13:30, 14:00 to 15:30, Tuesday during 9:00 to 9:30, 12:00 to 12:30, 16:00 to 17:00, Wednesday during 9:30 to 10:00, 10:30 to 11:30, 12:30 to 14:00, 16:00 to 16:30, Thursday during 13:30 to 14:30, 15:00 to 15:30; \nDaniel is busy on Monday during 10:00 to 11:30, 12:30 to 15:00, Tuesday during 9:00 to 10:00, 10:30 to 17:00, Wednesday during 9:00 to 10:00, 10:30 to 11:30, 12:00 to 17:00, Thursday during 9:00 to 12:00, 12:30 to 14:30, 15:00 to 15:30, 16:00 to 17:00; \n\nThe group would like to meet at their earlist availability.\nFind a time that works for everyone's schedule and constraints. \nSOLUTION: "", 'golden_plan': 'Here is the proposed time: Monday, 9:00 - 10:00 ', 'pred_5shot_pro': 'Here is the proposed time: Monday, 9:00 - 10:00 \n', 'prompt_0shot': ""You are an expert at scheduling meetings. You are given a few constraints on the existing schedule of each participant, the meeting duration, and possibly some preferences on the meeting time. Note there exists a solution that works with existing schedule of every participant. Here are a few example tasks and solutions:\n\nTASK: You need to schedule a meeting for Megan and Daniel for one hour between the work hours of 9:00 to 17:00 on either Monday, Tuesday, Wednesday or Thursday. \n\nHere are the existing schedules for everyone during the days: \nMegan has meetings on Monday during 13:00 to 13:30, 14:00 to 15:30, Tuesday during 9:00 to 9:30, 12:00 to 12:30, 16:00 to 17:00, Wednesday during 9:30 to 10:00, 10:30 to 11:30, 12:30 to 14:00, 16:00 to 16:30, Thursday during 13:30 to 14:30, 15:00 to 15:30; \nDaniel is busy on Monday during 10:00 to 11:30, 12:30 to 15:00, Tuesday during 9:00 to 10:00, 10:30 to 17:00, Wednesday during 9:00 to 10:00, 10:30 to 11:30, 12:00 to 17:00, Thursday during 9:00 to 12:00, 12:30 to 14:30, 15:00 to 15:30, 16:00 to 17:00; \n\nThe group would like to meet at their earlist availability.\nFind a time that works for everyone's schedule and constraints. \nSOLUTION: ""}",True,694.0,157.0,1.80826997756958,0.00040899999999999997,gemini_flash_lite_minibatch
calendar_scheduling_example_757,"Here is the proposed time: Tuesday, 14:30 - 15:30","{'num_people': '2', 'num_days': '3', 'duration': '1', 'prompt_5shot': ""You are an expert at scheduling meetings. You are given a few constraints on the existing schedule of each participant, the meeting duration, and possibly some preferences on the meeting time. Note there exists a solution that works with existing schedule of every participant. Here are a few example tasks and solutions:\n\nTASK: You need to schedule a meeting for Jordan and Betty for one hour between the work hours of 9:00 to 17:00 on either Monday, Tuesday or Wednesday. \n\nHere are the existing schedules for everyone during the days: \nJordan has meetings on Tuesday during 11:00 to 11:30, 13:30 to 14:00, Wednesday during 9:00 to 9:30, 14:00 to 14:30; \nBetty has blocked their calendar on Monday during 9:00 to 12:30, 13:00 to 17:00, Tuesday during 9:00 to 10:00, 10:30 to 11:00, 11:30 to 12:30, 13:30 to 16:00, 16:30 to 17:00, Wednesday during 9:00 to 9:30, 10:30 to 17:00; \n\nYou would like to schedule the meeting at their earlist availability.\nFind a time that works for everyone's schedule and constraints. \nSOLUTION: Here is the proposed time: Tuesday, 12:30 - 13:30 \n\nTASK: You need to schedule a meeting for James and Timothy for half an hour between the work hours of 9:00 to 17:00 on either Monday, Tuesday or Wednesday. \n\nHere are the existing schedules for everyone during the days: \nJames has blocked their calendar on Monday during 9:30 to 10:00, 10:30 to 11:00, 12:30 to 13:00, 13:30 to 14:30, 15:00 to 15:30, 16:30 to 17:00, Tuesday during 10:00 to 11:00, 15:30 to 16:00, Wednesday during 9:00 to 12:30, 14:00 to 15:00, 15:30 to 17:00; \nTimothy has blocked their calendar on Monday during 9:00 to 17:00, Tuesday during 9:00 to 15:00, 15:30 to 17:00, Wednesday during 9:30 to 17:00; \n\nFind a time that works for everyone's schedule and constraints. \nSOLUTION: Here is the proposed time: Tuesday, 15:00 - 15:30 \n\nTASK: You need to schedule a meeting for Lori and Emma for half an hour between the work hours of 9:00 to 17:00 on either Monday, Tuesday or Wednesday. \n\nHere are the existing schedules for everyone during the days: \nLori has blocked their calendar on Monday during 12:30 to 13:00, 13:30 to 14:00, Tuesday during 9:00 to 10:00, 13:00 to 13:30, 14:00 to 14:30, 15:00 to 15:30, Wednesday during 9:30 to 10:00, 11:00 to 11:30, 12:00 to 12:30, 15:30 to 16:00, 16:30 to 17:00; \nEmma has meetings on Monday during 9:00 to 10:00, 10:30 to 17:00, Tuesday during 9:00 to 9:30, 10:30 to 11:30, 12:00 to 13:30, 14:00 to 16:00, 16:30 to 17:00, Wednesday during 9:00 to 10:00, 10:30 to 13:00, 13:30 to 17:00; \n\nYou would like to schedule the meeting at their earlist availability.\nFind a time that works for everyone's schedule and constraints. \nSOLUTION: Here is the proposed time: Monday, 10:00 - 10:30 \n\nTASK: You need to schedule a meeting for Steven and Zachary for one hour between the work hours of 9:00 to 17:00 on either Monday, Tuesday or Wednesday. \n\nHere are the existing schedules for everyone during the days: \nSteven is busy on Monday during 9:00 to 11:30, 13:00 to 13:30, 14:00 to 14:30, Tuesday during 11:00 to 11:30, 12:00 to 12:30, 13:00 to 14:00, 15:00 to 16:00, 16:30 to 17:00, Wednesday during 9:30 to 11:00, 13:30 to 14:00; \nZachary is busy on Monday during 9:00 to 17:00, Tuesday during 10:30 to 11:30, 12:00 to 12:30, 13:00 to 15:00, 15:30 to 16:00, 16:30 to 17:00, Wednesday during 9:00 to 11:00, 12:00 to 12:30, 13:00 to 17:00; \n\nZachary would like to avoid more meetings on Wednesday. Find a time that works for everyone's schedule and constraints. \nSOLUTION: Here is the proposed time: Tuesday, 9:00 - 10:00 \n\nTASK: You need to schedule a meeting for Lisa and Jeffrey for half an hour between the work hours of 9:00 to 17:00 on either Monday, Tuesday or Wednesday. \n\nHere are the existing schedules for everyone during the days: \nLisa has blocked their calendar on Monday during 11:00 to 12:00, 13:00 to 13:30, Tuesday during 9:00 to 9:30, 10:30 to 11:00, 12:00 to 13:00, 13:30 to 14:30, 16:00 to 16:30, Wednesday during 12:00 to 13:30, 14:00 to 14:30; \nJeffrey has meetings on Monday during 9:30 to 10:30, 11:30 to 12:30, 13:00 to 16:00, Tuesday during 9:00 to 10:00, 11:00 to 11:30, 12:00 to 12:30, 13:30 to 14:00, 15:30 to 16:00, 16:30 to 17:00, Wednesday during 10:30 to 12:30, 13:00 to 14:00, 14:30 to 15:00, 15:30 to 16:00, 16:30 to 17:00; \n\nLisa would like to avoid more meetings on Monday after 11:30. Wednesday. Jeffrey can not meet on Tuesday. Find a time that works for everyone's schedule and constraints. \nSOLUTION: Here is the proposed time: Monday, 10:30 - 11:00 \n\nTASK: You need to schedule a meeting for Noah and Justin for one hour between the work hours of 9:00 to 17:00 on either Monday, Tuesday or Wednesday. \n\nHere are the existing schedules for everyone during the days: \nNoah has meetings on Monday during 9:30 to 10:00, 15:00 to 15:30, 16:00 to 16:30, Tuesday during 9:30 to 10:30, 16:00 to 16:30, Wednesday during 9:00 to 9:30, 12:00 to 12:30; \nJustin has meetings on Monday during 9:30 to 11:30, 12:30 to 13:30, 15:00 to 16:00, 16:30 to 17:00, Tuesday during 9:00 to 13:30, 14:00 to 17:00, Wednesday during 10:00 to 11:00, 12:00 to 14:30, 15:00 to 15:30; \n\nNoah would like to avoid more meetings on Wednesday after 13:00. Justin would rather not meet on Monday. Find a time that works for everyone's schedule and constraints. \nSOLUTION: "", 'golden_plan': 'Here is the proposed time: Wednesday, 11:00 - 12:00 ', 'pred_5shot_pro': ""Here is the proposed time: **Wednesday, 9:30 - 10:30**\n\n**Explanation:**\n\n* **Monday:**  Justin prefers not to meet on Monday.\n* **Tuesday:** Justin is booked solid from 9:00 to 17:00.\n* **Wednesday:** Both Noah and Justin are free from 9:30 to 10:00. This slot allows for the full hour meeting and respects Noah's preference to avoid meetings after 13:00 on Wednesday. \n"", 'prompt_0shot': ""You are an expert at scheduling meetings. You are given a few constraints on the existing schedule of each participant, the meeting duration, and possibly some preferences on the meeting time. Note there exists a solution that works with existing schedule of every participant. Here are a few example tasks and solutions:\n\nTASK: You need to schedule a meeting for Noah and Justin for one hour between the work hours of 9:00 to 17:00 on either Monday, Tuesday or Wednesday. \n\nHere are the existing schedules for everyone during the days: \nNoah has meetings on Monday during 9:30 to 10:00, 15:00 to 15:30, 16:00 to 16:30, Tuesday during 9:30 to 10:30, 16:00 to 16:30, Wednesday during 9:00 to 9:30, 12:00 to 12:30; \nJustin has meetings on Monday during 9:30 to 11:30, 12:30 to 13:30, 15:00 to 16:00, 16:30 to 17:00, Tuesday during 9:00 to 13:30, 14:00 to 17:00, Wednesday during 10:00 to 11:00, 12:00 to 14:30, 15:00 to 15:30; \n\nNoah would like to avoid more meetings on Wednesday after 13:00. Justin would rather not meet on Monday. Find a time that works for everyone's schedule and constraints. \nSOLUTION: ""}",False,617.0,147.0,1.2869000434875488,0.00037475,gemini_flash_lite_minibatch
