case_name,predicted_output,expected_output,correct,input_tokens,output_tokens,latency,cost,expt_name
calendar_scheduling_example_542,"Here is the proposed time: Monday, 14:00 - 15:00","{'num_people': '2', 'num_days': '1', 'duration': '1', 'prompt_5shot': ""You are an expert at scheduling meetings. You are given a few constraints on the existing schedule of each participant, the meeting duration, and possibly some preferences on the meeting time. Note there exists a solution that works with existing schedule of every participant. Here are a few example tasks and solutions:\n\nTASK: You need to schedule a meeting for Debra and Eric for one hour between the work hours of 9:00 to 17:00 on Monday. \n\nHere are the existing schedules for everyone during the day: \nDebra has blocked their calendar on Monday during 10:00 to 10:30, 12:00 to 13:00, 14:00 to 14:30, 15:00 to 15:30, 16:30 to 17:00; \nEric has blocked their calendar on Monday during 9:00 to 10:00, 10:30 to 12:30, 13:30 to 14:00, 16:30 to 17:00; \n\nFind a time that works for everyone's schedule and constraints. \nSOLUTION: Here is the proposed time: Monday, 15:30 - 16:30 \n\nTASK: You need to schedule a meeting for Helen and Vincent for one hour between the work hours of 9:00 to 17:00 on Monday. \n\nHere are the existing schedules for everyone during the day: \nHelen is busy on Monday during 10:00 to 11:00, 15:00 to 15:30, 16:00 to 16:30; \nVincent has blocked their calendar on Monday during 10:00 to 10:30, 11:00 to 11:30, 12:00 to 13:00, 13:30 to 14:30, 15:00 to 17:00; \n\nFind a time that works for everyone's schedule and constraints. \nSOLUTION: Here is the proposed time: Monday, 9:00 - 10:00 \n\nTASK: You need to schedule a meeting for Dylan and Samuel for half an hour between the work hours of 9:00 to 17:00 on Monday. \n\nHere are the existing schedules for everyone during the day: \nDylan's calendar is wide open the entire day.\nSamuel is busy on Monday during 9:00 to 11:00, 11:30 to 13:00, 13:30 to 14:00, 14:30 to 16:00, 16:30 to 17:00; \n\nDylan do not want to meet on Monday after 13:30. Find a time that works for everyone's schedule and constraints. \nSOLUTION: Here is the proposed time: Monday, 13:00 - 13:30 \n\nTASK: You need to schedule a meeting for Joseph and Dylan for one hour between the work hours of 9:00 to 17:00 on Monday. \n\nHere are the existing schedules for everyone during the day: \nJoseph has blocked their calendar on Monday during 11:30 to 12:00, 15:30 to 17:00; \nDylan has meetings on Monday during 9:00 to 10:30, 12:30 to 13:00, 13:30 to 14:30, 16:00 to 17:00; \n\nDylan can not meet on Monday before 14:00. Find a time that works for everyone's schedule and constraints. \nSOLUTION: Here is the proposed time: Monday, 14:30 - 15:30 \n\nTASK: You need to schedule a meeting for Eric and Beverly for one hour between the work hours of 9:00 to 17:00 on Monday. \n\nHere are the existing schedules for everyone during the day: \nEric is busy on Monday during 9:30 to 10:00, 13:30 to 14:30, 15:30 to 16:00; \nBeverly has meetings on Monday during 9:00 to 9:30, 11:00 to 13:00, 14:00 to 14:30, 15:00 to 15:30, 16:30 to 17:00; \n\nFind a time that works for everyone's schedule and constraints. \nSOLUTION: Here is the proposed time: Monday, 10:00 - 11:00 \n\nTASK: You need to schedule a meeting for Jean and Amanda for one hour between the work hours of 9:00 to 17:00 on Monday. \n\nHere are the existing schedules for everyone during the day: \nJean is busy on Monday during 9:30 to 10:00, 10:30 to 11:00, 12:30 to 13:30; \nAmanda has meetings on Monday during 9:00 to 10:30, 11:30 to 12:30, 13:00 to 14:00, 15:30 to 17:00; \n\nFind a time that works for everyone's schedule and constraints. \nSOLUTION: "", 'golden_plan': 'Here is the proposed time: Monday, 14:00 - 15:00 ', 'pred_5shot_pro': 'Here is the proposed time: Monday, 14:00 - 15:00 \n', 'prompt_0shot': ""You are an expert at scheduling meetings. You are given a few constraints on the existing schedule of each participant, the meeting duration, and possibly some preferences on the meeting time. Note there exists a solution that works with existing schedule of every participant. Here are a few example tasks and solutions:\n\nTASK: You need to schedule a meeting for Jean and Amanda for one hour between the work hours of 9:00 to 17:00 on Monday. \n\nHere are the existing schedules for everyone during the day: \nJean is busy on Monday during 9:30 to 10:00, 10:30 to 11:00, 12:30 to 13:30; \nAmanda has meetings on Monday during 9:00 to 10:30, 11:30 to 12:30, 13:00 to 14:00, 15:30 to 17:00; \n\nFind a time that works for everyone's schedule and constraints. \nSOLUTION: ""}",True,2801.0,793.0,19.543511867523193,0.0030287,cal_pot
calendar_scheduling_example_541,"Here is the proposed time: Monday, 16:00 - 17:00","{'num_people': '2', 'num_days': '1', 'duration': '1', 'prompt_5shot': ""You are an expert at scheduling meetings. You are given a few constraints on the existing schedule of each participant, the meeting duration, and possibly some preferences on the meeting time. Note there exists a solution that works with existing schedule of every participant. Here are a few example tasks and solutions:\n\nTASK: You need to schedule a meeting for Debra and Eric for one hour between the work hours of 9:00 to 17:00 on Monday. \n\nHere are the existing schedules for everyone during the day: \nDebra has blocked their calendar on Monday during 10:00 to 10:30, 12:00 to 13:00, 14:00 to 14:30, 15:00 to 15:30, 16:30 to 17:00; \nEric has blocked their calendar on Monday during 9:00 to 10:00, 10:30 to 12:30, 13:30 to 14:00, 16:30 to 17:00; \n\nFind a time that works for everyone's schedule and constraints. \nSOLUTION: Here is the proposed time: Monday, 15:30 - 16:30 \n\nTASK: You need to schedule a meeting for Helen and Vincent for one hour between the work hours of 9:00 to 17:00 on Monday. \n\nHere are the existing schedules for everyone during the day: \nHelen is busy on Monday during 10:00 to 11:00, 15:00 to 15:30, 16:00 to 16:30; \nVincent has blocked their calendar on Monday during 10:00 to 10:30, 11:00 to 11:30, 12:00 to 13:00, 13:30 to 14:30, 15:00 to 17:00; \n\nFind a time that works for everyone's schedule and constraints. \nSOLUTION: Here is the proposed time: Monday, 9:00 - 10:00 \n\nTASK: You need to schedule a meeting for Dylan and Samuel for half an hour between the work hours of 9:00 to 17:00 on Monday. \n\nHere are the existing schedules for everyone during the day: \nDylan's calendar is wide open the entire day.\nSamuel is busy on Monday during 9:00 to 11:00, 11:30 to 13:00, 13:30 to 14:00, 14:30 to 16:00, 16:30 to 17:00; \n\nDylan do not want to meet on Monday after 13:30. Find a time that works for everyone's schedule and constraints. \nSOLUTION: Here is the proposed time: Monday, 13:00 - 13:30 \n\nTASK: You need to schedule a meeting for Joseph and Dylan for one hour between the work hours of 9:00 to 17:00 on Monday. \n\nHere are the existing schedules for everyone during the day: \nJoseph has blocked their calendar on Monday during 11:30 to 12:00, 15:30 to 17:00; \nDylan has meetings on Monday during 9:00 to 10:30, 12:30 to 13:00, 13:30 to 14:30, 16:00 to 17:00; \n\nDylan can not meet on Monday before 14:00. Find a time that works for everyone's schedule and constraints. \nSOLUTION: Here is the proposed time: Monday, 14:30 - 15:30 \n\nTASK: You need to schedule a meeting for Eric and Beverly for one hour between the work hours of 9:00 to 17:00 on Monday. \n\nHere are the existing schedules for everyone during the day: \nEric is busy on Monday during 9:30 to 10:00, 13:30 to 14:30, 15:30 to 16:00; \nBeverly has meetings on Monday during 9:00 to 9:30, 11:00 to 13:00, 14:00 to 14:30, 15:00 to 15:30, 16:30 to 17:00; \n\nFind a time that works for everyone's schedule and constraints. \nSOLUTION: Here is the proposed time: Monday, 10:00 - 11:00 \n\nTASK: You need to schedule a meeting for Kayla and Rebecca for one hour between the work hours of 9:00 to 17:00 on Monday. \n\nHere are the existing schedules for everyone during the day: \nKayla has blocked their calendar on Monday during 10:00 to 10:30, 14:30 to 16:00; \nRebecca has blocked their calendar on Monday during 9:00 to 13:00, 13:30 to 15:00, 15:30 to 16:00; \n\nFind a time that works for everyone's schedule and constraints. \nSOLUTION: "", 'golden_plan': 'Here is the proposed time: Monday, 16:00 - 17:00 ', 'pred_5shot_pro': 'Here is the proposed time: Monday, 16:00 - 17:00 \n', 'prompt_0shot': ""You are an expert at scheduling meetings. You are given a few constraints on the existing schedule of each participant, the meeting duration, and possibly some preferences on the meeting time. Note there exists a solution that works with existing schedule of every participant. Here are a few example tasks and solutions:\n\nTASK: You need to schedule a meeting for Kayla and Rebecca for one hour between the work hours of 9:00 to 17:00 on Monday. \n\nHere are the existing schedules for everyone during the day: \nKayla has blocked their calendar on Monday during 10:00 to 10:30, 14:30 to 16:00; \nRebecca has blocked their calendar on Monday during 9:00 to 13:00, 13:30 to 15:00, 15:30 to 16:00; \n\nFind a time that works for everyone's schedule and constraints. \nSOLUTION: ""}",True,2725.0,784.0,22.864248991012573,0.0029677999999999996,cal_pot
calendar_scheduling_example_591,"Here is the proposed time: Monday, 13:00 - 14:00","{'num_people': '2', 'num_days': '1', 'duration': '1', 'prompt_5shot': ""You are an expert at scheduling meetings. You are given a few constraints on the existing schedule of each participant, the meeting duration, and possibly some preferences on the meeting time. Note there exists a solution that works with existing schedule of every participant. Here are a few example tasks and solutions:\n\nTASK: You need to schedule a meeting for Debra and Eric for one hour between the work hours of 9:00 to 17:00 on Monday. \n\nHere are the existing schedules for everyone during the day: \nDebra has blocked their calendar on Monday during 10:00 to 10:30, 12:00 to 13:00, 14:00 to 14:30, 15:00 to 15:30, 16:30 to 17:00; \nEric has blocked their calendar on Monday during 9:00 to 10:00, 10:30 to 12:30, 13:30 to 14:00, 16:30 to 17:00; \n\nFind a time that works for everyone's schedule and constraints. \nSOLUTION: Here is the proposed time: Monday, 15:30 - 16:30 \n\nTASK: You need to schedule a meeting for Helen and Vincent for one hour between the work hours of 9:00 to 17:00 on Monday. \n\nHere are the existing schedules for everyone during the day: \nHelen is busy on Monday during 10:00 to 11:00, 15:00 to 15:30, 16:00 to 16:30; \nVincent has blocked their calendar on Monday during 10:00 to 10:30, 11:00 to 11:30, 12:00 to 13:00, 13:30 to 14:30, 15:00 to 17:00; \n\nFind a time that works for everyone's schedule and constraints. \nSOLUTION: Here is the proposed time: Monday, 9:00 - 10:00 \n\nTASK: You need to schedule a meeting for Dylan and Samuel for half an hour between the work hours of 9:00 to 17:00 on Monday. \n\nHere are the existing schedules for everyone during the day: \nDylan's calendar is wide open the entire day.\nSamuel is busy on Monday during 9:00 to 11:00, 11:30 to 13:00, 13:30 to 14:00, 14:30 to 16:00, 16:30 to 17:00; \n\nDylan do not want to meet on Monday after 13:30. Find a time that works for everyone's schedule and constraints. \nSOLUTION: Here is the proposed time: Monday, 13:00 - 13:30 \n\nTASK: You need to schedule a meeting for Joseph and Dylan for one hour between the work hours of 9:00 to 17:00 on Monday. \n\nHere are the existing schedules for everyone during the day: \nJoseph has blocked their calendar on Monday during 11:30 to 12:00, 15:30 to 17:00; \nDylan has meetings on Monday during 9:00 to 10:30, 12:30 to 13:00, 13:30 to 14:30, 16:00 to 17:00; \n\nDylan can not meet on Monday before 14:00. Find a time that works for everyone's schedule and constraints. \nSOLUTION: Here is the proposed time: Monday, 14:30 - 15:30 \n\nTASK: You need to schedule a meeting for Eric and Beverly for one hour between the work hours of 9:00 to 17:00 on Monday. \n\nHere are the existing schedules for everyone during the day: \nEric is busy on Monday during 9:30 to 10:00, 13:30 to 14:30, 15:30 to 16:00; \nBeverly has meetings on Monday during 9:00 to 9:30, 11:00 to 13:00, 14:00 to 14:30, 15:00 to 15:30, 16:30 to 17:00; \n\nFind a time that works for everyone's schedule and constraints. \nSOLUTION: Here is the proposed time: Monday, 10:00 - 11:00 \n\nTASK: You need to schedule a meeting for Kenneth and Melissa for one hour between the work hours of 9:00 to 17:00 on Monday. \n\nHere are the existing schedules for everyone during the day: \nKenneth has blocked their calendar on Monday during 9:00 to 9:30, 11:00 to 11:30, 15:00 to 15:30, 16:30 to 17:00; \nMelissa is busy on Monday during 10:30 to 13:00, 14:00 to 14:30, 15:30 to 16:30; \n\nKenneth do not want to meet on Monday before 13:00. Find a time that works for everyone's schedule and constraints. \nSOLUTION: "", 'golden_plan': 'Here is the proposed time: Monday, 13:00 - 14:00 ', 'pred_5shot_pro': 'Here is the proposed time: Monday, 16:30 - 17:30 \n\n**Explanation:**\n\n* Kenneth is unavailable until 9:30 and prefers not to meet before 13:00. \n* Melissa is free from 9:00 to 10:30, but Kenneth is unavailable then.\n* Melissa is then busy until 14:00, and both are unavailable from 14:00 to 16:30.\n* The only remaining option is 16:30-17:30, which works for both, even though it extends beyond the usual work hours. \n', 'prompt_0shot': ""You are an expert at scheduling meetings. You are given a few constraints on the existing schedule of each participant, the meeting duration, and possibly some preferences on the meeting time. Note there exists a solution that works with existing schedule of every participant. Here are a few example tasks and solutions:\n\nTASK: You need to schedule a meeting for Kenneth and Melissa for one hour between the work hours of 9:00 to 17:00 on Monday. \n\nHere are the existing schedules for everyone during the day: \nKenneth has blocked their calendar on Monday during 9:00 to 9:30, 11:00 to 11:30, 15:00 to 15:30, 16:30 to 17:00; \nMelissa is busy on Monday during 10:30 to 13:00, 14:00 to 14:30, 15:30 to 16:30; \n\nKenneth do not want to meet on Monday before 13:00. Find a time that works for everyone's schedule and constraints. \nSOLUTION: ""}",True,2834.0,1300.0,23.832258701324463,0.0039104,cal_pot
calendar_scheduling_example_509,"Here is the proposed time: Monday, 09:30 - 10:30","{'num_people': '2', 'num_days': '1', 'duration': '1', 'prompt_5shot': ""You are an expert at scheduling meetings. You are given a few constraints on the existing schedule of each participant, the meeting duration, and possibly some preferences on the meeting time. Note there exists a solution that works with existing schedule of every participant. Here are a few example tasks and solutions:\n\nTASK: You need to schedule a meeting for Debra and Eric for one hour between the work hours of 9:00 to 17:00 on Monday. \n\nHere are the existing schedules for everyone during the day: \nDebra has blocked their calendar on Monday during 10:00 to 10:30, 12:00 to 13:00, 14:00 to 14:30, 15:00 to 15:30, 16:30 to 17:00; \nEric has blocked their calendar on Monday during 9:00 to 10:00, 10:30 to 12:30, 13:30 to 14:00, 16:30 to 17:00; \n\nFind a time that works for everyone's schedule and constraints. \nSOLUTION: Here is the proposed time: Monday, 15:30 - 16:30 \n\nTASK: You need to schedule a meeting for Helen and Vincent for one hour between the work hours of 9:00 to 17:00 on Monday. \n\nHere are the existing schedules for everyone during the day: \nHelen is busy on Monday during 10:00 to 11:00, 15:00 to 15:30, 16:00 to 16:30; \nVincent has blocked their calendar on Monday during 10:00 to 10:30, 11:00 to 11:30, 12:00 to 13:00, 13:30 to 14:30, 15:00 to 17:00; \n\nFind a time that works for everyone's schedule and constraints. \nSOLUTION: Here is the proposed time: Monday, 9:00 - 10:00 \n\nTASK: You need to schedule a meeting for Dylan and Samuel for half an hour between the work hours of 9:00 to 17:00 on Monday. \n\nHere are the existing schedules for everyone during the day: \nDylan's calendar is wide open the entire day.\nSamuel is busy on Monday during 9:00 to 11:00, 11:30 to 13:00, 13:30 to 14:00, 14:30 to 16:00, 16:30 to 17:00; \n\nDylan do not want to meet on Monday after 13:30. Find a time that works for everyone's schedule and constraints. \nSOLUTION: Here is the proposed time: Monday, 13:00 - 13:30 \n\nTASK: You need to schedule a meeting for Joseph and Dylan for one hour between the work hours of 9:00 to 17:00 on Monday. \n\nHere are the existing schedules for everyone during the day: \nJoseph has blocked their calendar on Monday during 11:30 to 12:00, 15:30 to 17:00; \nDylan has meetings on Monday during 9:00 to 10:30, 12:30 to 13:00, 13:30 to 14:30, 16:00 to 17:00; \n\nDylan can not meet on Monday before 14:00. Find a time that works for everyone's schedule and constraints. \nSOLUTION: Here is the proposed time: Monday, 14:30 - 15:30 \n\nTASK: You need to schedule a meeting for Eric and Beverly for one hour between the work hours of 9:00 to 17:00 on Monday. \n\nHere are the existing schedules for everyone during the day: \nEric is busy on Monday during 9:30 to 10:00, 13:30 to 14:30, 15:30 to 16:00; \nBeverly has meetings on Monday during 9:00 to 9:30, 11:00 to 13:00, 14:00 to 14:30, 15:00 to 15:30, 16:30 to 17:00; \n\nFind a time that works for everyone's schedule and constraints. \nSOLUTION: Here is the proposed time: Monday, 10:00 - 11:00 \n\nTASK: You need to schedule a meeting for Wayne and Laura for one hour between the work hours of 9:00 to 17:00 on Monday. \n\nHere are the existing schedules for everyone during the day: \nWayne has blocked their calendar on Monday during 11:00 to 12:00, 13:00 to 13:30, 15:00 to 15:30; \nLaura is busy on Monday during 9:00 to 9:30, 10:30 to 17:00; \n\nFind a time that works for everyone's schedule and constraints. \nSOLUTION: "", 'golden_plan': 'Here is the proposed time: Monday, 9:30 - 10:30 ', 'pred_5shot_pro': 'Here is the proposed time: Monday, 9:30 - 10:30 \n', 'prompt_0shot': ""You are an expert at scheduling meetings. You are given a few constraints on the existing schedule of each participant, the meeting duration, and possibly some preferences on the meeting time. Note there exists a solution that works with existing schedule of every participant. Here are a few example tasks and solutions:\n\nTASK: You need to schedule a meeting for Wayne and Laura for one hour between the work hours of 9:00 to 17:00 on Monday. \n\nHere are the existing schedules for everyone during the day: \nWayne has blocked their calendar on Monday during 11:00 to 12:00, 13:00 to 13:30, 15:00 to 15:30; \nLaura is busy on Monday during 9:00 to 9:30, 10:30 to 17:00; \n\nFind a time that works for everyone's schedule and constraints. \nSOLUTION: ""}",True,2706.0,631.0,18.480289220809937,0.0026962999999999996,cal_pot
calendar_scheduling_example_565,"Here is the proposed time: Monday, 11:00 - 11:30","{'num_people': '2', 'num_days': '1', 'duration': '0.5', 'prompt_5shot': ""You are an expert at scheduling meetings. You are given a few constraints on the existing schedule of each participant, the meeting duration, and possibly some preferences on the meeting time. Note there exists a solution that works with existing schedule of every participant. Here are a few example tasks and solutions:\n\nTASK: You need to schedule a meeting for Debra and Eric for one hour between the work hours of 9:00 to 17:00 on Monday. \n\nHere are the existing schedules for everyone during the day: \nDebra has blocked their calendar on Monday during 10:00 to 10:30, 12:00 to 13:00, 14:00 to 14:30, 15:00 to 15:30, 16:30 to 17:00; \nEric has blocked their calendar on Monday during 9:00 to 10:00, 10:30 to 12:30, 13:30 to 14:00, 16:30 to 17:00; \n\nFind a time that works for everyone's schedule and constraints. \nSOLUTION: Here is the proposed time: Monday, 15:30 - 16:30 \n\nTASK: You need to schedule a meeting for Helen and Vincent for one hour between the work hours of 9:00 to 17:00 on Monday. \n\nHere are the existing schedules for everyone during the day: \nHelen is busy on Monday during 10:00 to 11:00, 15:00 to 15:30, 16:00 to 16:30; \nVincent has blocked their calendar on Monday during 10:00 to 10:30, 11:00 to 11:30, 12:00 to 13:00, 13:30 to 14:30, 15:00 to 17:00; \n\nFind a time that works for everyone's schedule and constraints. \nSOLUTION: Here is the proposed time: Monday, 9:00 - 10:00 \n\nTASK: You need to schedule a meeting for Dylan and Samuel for half an hour between the work hours of 9:00 to 17:00 on Monday. \n\nHere are the existing schedules for everyone during the day: \nDylan's calendar is wide open the entire day.\nSamuel is busy on Monday during 9:00 to 11:00, 11:30 to 13:00, 13:30 to 14:00, 14:30 to 16:00, 16:30 to 17:00; \n\nDylan do not want to meet on Monday after 13:30. Find a time that works for everyone's schedule and constraints. \nSOLUTION: Here is the proposed time: Monday, 13:00 - 13:30 \n\nTASK: You need to schedule a meeting for Joseph and Dylan for one hour between the work hours of 9:00 to 17:00 on Monday. \n\nHere are the existing schedules for everyone during the day: \nJoseph has blocked their calendar on Monday during 11:30 to 12:00, 15:30 to 17:00; \nDylan has meetings on Monday during 9:00 to 10:30, 12:30 to 13:00, 13:30 to 14:30, 16:00 to 17:00; \n\nDylan can not meet on Monday before 14:00. Find a time that works for everyone's schedule and constraints. \nSOLUTION: Here is the proposed time: Monday, 14:30 - 15:30 \n\nTASK: You need to schedule a meeting for Eric and Beverly for one hour between the work hours of 9:00 to 17:00 on Monday. \n\nHere are the existing schedules for everyone during the day: \nEric is busy on Monday during 9:30 to 10:00, 13:30 to 14:30, 15:30 to 16:00; \nBeverly has meetings on Monday during 9:00 to 9:30, 11:00 to 13:00, 14:00 to 14:30, 15:00 to 15:30, 16:30 to 17:00; \n\nFind a time that works for everyone's schedule and constraints. \nSOLUTION: Here is the proposed time: Monday, 10:00 - 11:00 \n\nTASK: You need to schedule a meeting for Joe and Elijah for half an hour between the work hours of 9:00 to 17:00 on Monday. \n\nHere are the existing schedules for everyone during the day: \nJoe is busy on Monday during 9:00 to 9:30, 10:00 to 10:30, 12:30 to 13:00, 13:30 to 14:00, 14:30 to 15:30; \nElijah is busy on Monday during 9:00 to 13:00, 13:30 to 16:00, 16:30 to 17:00; \n\nJoe would rather not meet on Monday after 13:30. Find a time that works for everyone's schedule and constraints. \nSOLUTION: "", 'golden_plan': 'Here is the proposed time: Monday, 13:00 - 13:30 ', 'pred_5shot_pro': 'Here is the proposed time: Monday, 13:00 - 13:30 \n', 'prompt_0shot': ""You are an expert at scheduling meetings. You are given a few constraints on the existing schedule of each participant, the meeting duration, and possibly some preferences on the meeting time. Note there exists a solution that works with existing schedule of every participant. Here are a few example tasks and solutions:\n\nTASK: You need to schedule a meeting for Joe and Elijah for half an hour between the work hours of 9:00 to 17:00 on Monday. \n\nHere are the existing schedules for everyone during the day: \nJoe is busy on Monday during 9:00 to 9:30, 10:00 to 10:30, 12:30 to 13:00, 13:30 to 14:00, 14:30 to 15:30; \nElijah is busy on Monday during 9:00 to 13:00, 13:30 to 16:00, 16:30 to 17:00; \n\nJoe would rather not meet on Monday after 13:30. Find a time that works for everyone's schedule and constraints. \nSOLUTION: ""}",False,2864.0,1278.0,41.435142517089844,0.003891,cal_pot
calendar_scheduling_example_657,"Here is the proposed time: Tuesday, 15:30 - 16:00","{'num_people': '2', 'num_days': '2', 'duration': '0.5', 'prompt_5shot': ""You are an expert at scheduling meetings. You are given a few constraints on the existing schedule of each participant, the meeting duration, and possibly some preferences on the meeting time. Note there exists a solution that works with existing schedule of every participant. Here are a few example tasks and solutions:\n\nTASK: You need to schedule a meeting for Bradley and Barbara for half an hour between the work hours of 9:00 to 17:00 on either Monday or Tuesday. \n\nHere are the existing schedules for everyone during the days: \nBradley has meetings on Monday during 9:30 to 10:00, 10:30 to 11:00, 12:30 to 13:30, 14:00 to 14:30, 15:00 to 16:00, 16:30 to 17:00, Tuesday during 10:00 to 10:30, 13:30 to 14:30, 15:30 to 17:00; \nBarbara has blocked their calendar on Monday during 9:30 to 12:00, 13:00 to 16:00, Tuesday during 9:30 to 13:30, 14:30 to 17:00; \n\nBarbara can not meet on Monday. Find a time that works for everyone's schedule and constraints. \nSOLUTION: Here is the proposed time: Tuesday, 9:00 - 9:30 \n\nTASK: You need to schedule a meeting for Patrick and Denise for one hour between the work hours of 9:00 to 17:00 on either Monday or Tuesday. \n\nHere are the existing schedules for everyone during the days: \nPatrick has blocked their calendar on Monday during 10:30 to 11:00, 12:00 to 13:00, 13:30 to 16:00, Tuesday during 9:30 to 10:00, 10:30 to 12:00, 15:30 to 16:00, 16:30 to 17:00; \nDenise has meetings on Monday during 9:00 to 9:30, 10:00 to 13:00, 13:30 to 16:00, 16:30 to 17:00, Tuesday during 10:00 to 11:00, 11:30 to 12:00, 13:00 to 14:00, 14:30 to 15:30, 16:00 to 17:00; \n\nFind a time that works for everyone's schedule and constraints. \nSOLUTION: Here is the proposed time: Tuesday, 12:00 - 13:00 \n\nTASK: You need to schedule a meeting for Willie and Jeffrey for one hour between the work hours of 9:00 to 17:00 on either Monday or Tuesday. \n\nHere are the existing schedules for everyone during the days: \nWilliehas no meetings the whole week.\nJeffrey has blocked their calendar on Monday during 9:30 to 12:30, 13:00 to 14:30, 15:00 to 16:00, Tuesday during 9:00 to 9:30, 11:00 to 12:30, 13:00 to 13:30, 14:00 to 15:30, 16:30 to 17:00; \n\nJeffrey do not want to meet on Tuesday. Find a time that works for everyone's schedule and constraints. \nSOLUTION: Here is the proposed time: Monday, 16:00 - 17:00 \n\nTASK: You need to schedule a meeting for Scott and Patricia for one hour between the work hours of 9:00 to 17:00 on either Monday or Tuesday. \n\nHere are the existing schedules for everyone during the days: \nScott's calendar is wide open the entire week.\nPatricia is busy on Monday during 9:00 to 10:00, 10:30 to 12:00, 14:00 to 14:30, 15:00 to 15:30, 16:00 to 16:30, Tuesday during 9:00 to 9:30, 10:30 to 11:00, 11:30 to 12:00, 13:00 to 13:30, 14:00 to 15:00, 16:00 to 17:00; \n\nThe group would like to meet at their earlist availability.\nFind a time that works for everyone's schedule and constraints. \nSOLUTION: Here is the proposed time: Monday, 12:00 - 13:00 \n\nTASK: You need to schedule a meeting for Eric and Lauren for half an hour between the work hours of 9:00 to 17:00 on either Monday or Tuesday. \n\nHere are the existing schedules for everyone during the days: \nEric has meetings on Monday during 9:00 to 9:30, 12:30 to 13:00, 13:30 to 14:30, 16:30 to 17:00, Tuesday during 9:00 to 9:30, 12:00 to 13:30, 15:00 to 15:30, 16:00 to 17:00; \nLauren has meetings on Monday during 10:30 to 11:30, 12:30 to 16:00, 16:30 to 17:00, Tuesday during 9:30 to 10:00, 11:00 to 12:00, 13:30 to 14:00, 15:00 to 15:30, 16:30 to 17:00; \n\nLauren would like to avoid more meetings on Tuesday. You would like to schedule the meeting at their earlist availability.\nFind a time that works for everyone's schedule and constraints. \nSOLUTION: Here is the proposed time: Monday, 9:30 - 10:00 \n\nTASK: You need to schedule a meeting for Charles and Jose for half an hour between the work hours of 9:00 to 17:00 on either Monday or Tuesday. \n\nHere are the existing schedules for everyone during the days: \nCharles has blocked their calendar on Monday during 10:00 to 11:00, 12:00 to 12:30, 13:30 to 14:00, 15:00 to 15:30, 16:00 to 17:00, Tuesday during 12:00 to 12:30, 13:00 to 14:00, 14:30 to 15:00, 16:30 to 17:00; \nJose has blocked their calendar on Monday during 9:00 to 17:00, Tuesday during 9:00 to 10:00, 11:00 to 11:30, 12:00 to 15:30; \n\nCharles would like to avoid more meetings on Tuesday after 13:30. Find a time that works for everyone's schedule and constraints. \nSOLUTION: "", 'golden_plan': 'Here is the proposed time: Tuesday, 11:30 - 12:00 ', 'pred_5shot_pro': 'Here is the proposed time: **Tuesday, 10:00 - 10:30** \n\n**Explanation:**\n\n* Jose is available from 10:00 to 11:00 on Tuesday.\n* Charles has a block from 10:00 to 11:00 on Monday but is free on Tuesday from 10:00 to 10:30 before his next meeting.\n* A half-hour meeting can fit perfectly in this slot. \n', 'prompt_0shot': ""You are an expert at scheduling meetings. You are given a few constraints on the existing schedule of each participant, the meeting duration, and possibly some preferences on the meeting time. Note there exists a solution that works with existing schedule of every participant. Here are a few example tasks and solutions:\n\nTASK: You need to schedule a meeting for Charles and Jose for half an hour between the work hours of 9:00 to 17:00 on either Monday or Tuesday. \n\nHere are the existing schedules for everyone during the days: \nCharles has blocked their calendar on Monday during 10:00 to 11:00, 12:00 to 12:30, 13:30 to 14:00, 15:00 to 15:30, 16:00 to 17:00, Tuesday during 12:00 to 12:30, 13:00 to 14:00, 14:30 to 15:00, 16:30 to 17:00; \nJose has blocked their calendar on Monday during 9:00 to 17:00, Tuesday during 9:00 to 10:00, 11:00 to 11:30, 12:00 to 15:30; \n\nCharles would like to avoid more meetings on Tuesday after 13:30. Find a time that works for everyone's schedule and constraints. \nSOLUTION: ""}",False,3135.0,1060.0,15.864482641220093,0.0036829999999999996,cal_pot
calendar_scheduling_example_626,"Here is the proposed time: Tuesday, 09:00 - 09:30","{'num_people': '2', 'num_days': '2', 'duration': '1', 'prompt_5shot': ""You are an expert at scheduling meetings. You are given a few constraints on the existing schedule of each participant, the meeting duration, and possibly some preferences on the meeting time. Note there exists a solution that works with existing schedule of every participant. Here are a few example tasks and solutions:\n\nTASK: You need to schedule a meeting for Bradley and Barbara for half an hour between the work hours of 9:00 to 17:00 on either Monday or Tuesday. \n\nHere are the existing schedules for everyone during the days: \nBradley has meetings on Monday during 9:30 to 10:00, 10:30 to 11:00, 12:30 to 13:30, 14:00 to 14:30, 15:00 to 16:00, 16:30 to 17:00, Tuesday during 10:00 to 10:30, 13:30 to 14:30, 15:30 to 17:00; \nBarbara has blocked their calendar on Monday during 9:30 to 12:00, 13:00 to 16:00, Tuesday during 9:30 to 13:30, 14:30 to 17:00; \n\nBarbara can not meet on Monday. Find a time that works for everyone's schedule and constraints. \nSOLUTION: Here is the proposed time: Tuesday, 9:00 - 9:30 \n\nTASK: You need to schedule a meeting for Patrick and Denise for one hour between the work hours of 9:00 to 17:00 on either Monday or Tuesday. \n\nHere are the existing schedules for everyone during the days: \nPatrick has blocked their calendar on Monday during 10:30 to 11:00, 12:00 to 13:00, 13:30 to 16:00, Tuesday during 9:30 to 10:00, 10:30 to 12:00, 15:30 to 16:00, 16:30 to 17:00; \nDenise has meetings on Monday during 9:00 to 9:30, 10:00 to 13:00, 13:30 to 16:00, 16:30 to 17:00, Tuesday during 10:00 to 11:00, 11:30 to 12:00, 13:00 to 14:00, 14:30 to 15:30, 16:00 to 17:00; \n\nFind a time that works for everyone's schedule and constraints. \nSOLUTION: Here is the proposed time: Tuesday, 12:00 - 13:00 \n\nTASK: You need to schedule a meeting for Willie and Jeffrey for one hour between the work hours of 9:00 to 17:00 on either Monday or Tuesday. \n\nHere are the existing schedules for everyone during the days: \nWilliehas no meetings the whole week.\nJeffrey has blocked their calendar on Monday during 9:30 to 12:30, 13:00 to 14:30, 15:00 to 16:00, Tuesday during 9:00 to 9:30, 11:00 to 12:30, 13:00 to 13:30, 14:00 to 15:30, 16:30 to 17:00; \n\nJeffrey do not want to meet on Tuesday. Find a time that works for everyone's schedule and constraints. \nSOLUTION: Here is the proposed time: Monday, 16:00 - 17:00 \n\nTASK: You need to schedule a meeting for Scott and Patricia for one hour between the work hours of 9:00 to 17:00 on either Monday or Tuesday. \n\nHere are the existing schedules for everyone during the days: \nScott's calendar is wide open the entire week.\nPatricia is busy on Monday during 9:00 to 10:00, 10:30 to 12:00, 14:00 to 14:30, 15:00 to 15:30, 16:00 to 16:30, Tuesday during 9:00 to 9:30, 10:30 to 11:00, 11:30 to 12:00, 13:00 to 13:30, 14:00 to 15:00, 16:00 to 17:00; \n\nThe group would like to meet at their earlist availability.\nFind a time that works for everyone's schedule and constraints. \nSOLUTION: Here is the proposed time: Monday, 12:00 - 13:00 \n\nTASK: You need to schedule a meeting for Eric and Lauren for half an hour between the work hours of 9:00 to 17:00 on either Monday or Tuesday. \n\nHere are the existing schedules for everyone during the days: \nEric has meetings on Monday during 9:00 to 9:30, 12:30 to 13:00, 13:30 to 14:30, 16:30 to 17:00, Tuesday during 9:00 to 9:30, 12:00 to 13:30, 15:00 to 15:30, 16:00 to 17:00; \nLauren has meetings on Monday during 10:30 to 11:30, 12:30 to 16:00, 16:30 to 17:00, Tuesday during 9:30 to 10:00, 11:00 to 12:00, 13:30 to 14:00, 15:00 to 15:30, 16:30 to 17:00; \n\nLauren would like to avoid more meetings on Tuesday. You would like to schedule the meeting at their earlist availability.\nFind a time that works for everyone's schedule and constraints. \nSOLUTION: Here is the proposed time: Monday, 9:30 - 10:00 \n\nTASK: You need to schedule a meeting for Patricia and Jesse for one hour between the work hours of 9:00 to 17:00 on either Monday or Tuesday. \n\nHere are the existing schedules for everyone during the days: \nPatricia has meetings on Monday during 10:00 to 10:30, 11:30 to 12:00, 13:00 to 13:30, 14:30 to 15:30, 16:00 to 16:30, Tuesday during 10:00 to 10:30, 11:00 to 12:00, 14:00 to 16:00, 16:30 to 17:00; \nJesse has blocked their calendar on Monday during 9:00 to 17:00, Tuesday during 11:00 to 11:30, 12:00 to 12:30, 13:00 to 14:00, 14:30 to 15:00, 15:30 to 17:00; \n\nFind a time that works for everyone's schedule and constraints. \nSOLUTION: "", 'golden_plan': 'Here is the proposed time: Tuesday, 9:00 - 10:00 ', 'pred_5shot_pro': 'Here is the proposed time: Tuesday, 10:30 - 11:30 \n', 'prompt_0shot': ""You are an expert at scheduling meetings. You are given a few constraints on the existing schedule of each participant, the meeting duration, and possibly some preferences on the meeting time. Note there exists a solution that works with existing schedule of every participant. Here are a few example tasks and solutions:\n\nTASK: You need to schedule a meeting for Patricia and Jesse for one hour between the work hours of 9:00 to 17:00 on either Monday or Tuesday. \n\nHere are the existing schedules for everyone during the days: \nPatricia has meetings on Monday during 10:00 to 10:30, 11:30 to 12:00, 13:00 to 13:30, 14:30 to 15:30, 16:00 to 16:30, Tuesday during 10:00 to 10:30, 11:00 to 12:00, 14:00 to 16:00, 16:30 to 17:00; \nJesse has blocked their calendar on Monday during 9:00 to 17:00, Tuesday during 11:00 to 11:30, 12:00 to 12:30, 13:00 to 14:00, 14:30 to 15:00, 15:30 to 17:00; \n\nFind a time that works for everyone's schedule and constraints. \nSOLUTION: ""}",False,3166.0,1074.0,31.12952947616577,0.0037254000000000002,cal_pot
calendar_scheduling_example_605,"Here is the proposed time: Monday, 10:00 - 10:30","{'num_people': '2', 'num_days': '2', 'duration': '0.5', 'prompt_5shot': ""You are an expert at scheduling meetings. You are given a few constraints on the existing schedule of each participant, the meeting duration, and possibly some preferences on the meeting time. Note there exists a solution that works with existing schedule of every participant. Here are a few example tasks and solutions:\n\nTASK: You need to schedule a meeting for Bradley and Barbara for half an hour between the work hours of 9:00 to 17:00 on either Monday or Tuesday. \n\nHere are the existing schedules for everyone during the days: \nBradley has meetings on Monday during 9:30 to 10:00, 10:30 to 11:00, 12:30 to 13:30, 14:00 to 14:30, 15:00 to 16:00, 16:30 to 17:00, Tuesday during 10:00 to 10:30, 13:30 to 14:30, 15:30 to 17:00; \nBarbara has blocked their calendar on Monday during 9:30 to 12:00, 13:00 to 16:00, Tuesday during 9:30 to 13:30, 14:30 to 17:00; \n\nBarbara can not meet on Monday. Find a time that works for everyone's schedule and constraints. \nSOLUTION: Here is the proposed time: Tuesday, 9:00 - 9:30 \n\nTASK: You need to schedule a meeting for Patrick and Denise for one hour between the work hours of 9:00 to 17:00 on either Monday or Tuesday. \n\nHere are the existing schedules for everyone during the days: \nPatrick has blocked their calendar on Monday during 10:30 to 11:00, 12:00 to 13:00, 13:30 to 16:00, Tuesday during 9:30 to 10:00, 10:30 to 12:00, 15:30 to 16:00, 16:30 to 17:00; \nDenise has meetings on Monday during 9:00 to 9:30, 10:00 to 13:00, 13:30 to 16:00, 16:30 to 17:00, Tuesday during 10:00 to 11:00, 11:30 to 12:00, 13:00 to 14:00, 14:30 to 15:30, 16:00 to 17:00; \n\nFind a time that works for everyone's schedule and constraints. \nSOLUTION: Here is the proposed time: Tuesday, 12:00 - 13:00 \n\nTASK: You need to schedule a meeting for Willie and Jeffrey for one hour between the work hours of 9:00 to 17:00 on either Monday or Tuesday. \n\nHere are the existing schedules for everyone during the days: \nWilliehas no meetings the whole week.\nJeffrey has blocked their calendar on Monday during 9:30 to 12:30, 13:00 to 14:30, 15:00 to 16:00, Tuesday during 9:00 to 9:30, 11:00 to 12:30, 13:00 to 13:30, 14:00 to 15:30, 16:30 to 17:00; \n\nJeffrey do not want to meet on Tuesday. Find a time that works for everyone's schedule and constraints. \nSOLUTION: Here is the proposed time: Monday, 16:00 - 17:00 \n\nTASK: You need to schedule a meeting for Scott and Patricia for one hour between the work hours of 9:00 to 17:00 on either Monday or Tuesday. \n\nHere are the existing schedules for everyone during the days: \nScott's calendar is wide open the entire week.\nPatricia is busy on Monday during 9:00 to 10:00, 10:30 to 12:00, 14:00 to 14:30, 15:00 to 15:30, 16:00 to 16:30, Tuesday during 9:00 to 9:30, 10:30 to 11:00, 11:30 to 12:00, 13:00 to 13:30, 14:00 to 15:00, 16:00 to 17:00; \n\nThe group would like to meet at their earlist availability.\nFind a time that works for everyone's schedule and constraints. \nSOLUTION: Here is the proposed time: Monday, 12:00 - 13:00 \n\nTASK: You need to schedule a meeting for Eric and Lauren for half an hour between the work hours of 9:00 to 17:00 on either Monday or Tuesday. \n\nHere are the existing schedules for everyone during the days: \nEric has meetings on Monday during 9:00 to 9:30, 12:30 to 13:00, 13:30 to 14:30, 16:30 to 17:00, Tuesday during 9:00 to 9:30, 12:00 to 13:30, 15:00 to 15:30, 16:00 to 17:00; \nLauren has meetings on Monday during 10:30 to 11:30, 12:30 to 16:00, 16:30 to 17:00, Tuesday during 9:30 to 10:00, 11:00 to 12:00, 13:30 to 14:00, 15:00 to 15:30, 16:30 to 17:00; \n\nLauren would like to avoid more meetings on Tuesday. You would like to schedule the meeting at their earlist availability.\nFind a time that works for everyone's schedule and constraints. \nSOLUTION: Here is the proposed time: Monday, 9:30 - 10:00 \n\nTASK: You need to schedule a meeting for Jesse and Kenneth for half an hour between the work hours of 9:00 to 17:00 on either Monday or Tuesday. \n\nHere are the existing schedules for everyone during the days: \nJesse is busy on Monday during 13:00 to 13:30, 15:30 to 16:00, Tuesday during 9:00 to 9:30, 13:00 to 13:30, 15:30 to 16:00, 16:30 to 17:00; \nKenneth has blocked their calendar on Monday during 9:00 to 10:00, 11:30 to 14:00, 15:00 to 15:30, Tuesday during 9:00 to 12:30, 13:00 to 14:00, 16:00 to 16:30; \n\nJesse would like to avoid more meetings on Tuesday. Kenneth would like to avoid more meetings on Monday after 12:00. Find a time that works for everyone's schedule and constraints. \nSOLUTION: "", 'golden_plan': 'Here is the proposed time: Monday, 10:00 - 10:30 ', 'pred_5shot_pro': 'Here is the proposed time: **Monday, 10:00 - 10:30**\n\n**Explanation:**\n\n* **Jesse:** This time avoids Tuesday and works within their Monday availability.\n* **Kenneth:** This time falls before his Monday 12:00 cutoff and works within his available slots. \n', 'prompt_0shot': ""You are an expert at scheduling meetings. You are given a few constraints on the existing schedule of each participant, the meeting duration, and possibly some preferences on the meeting time. Note there exists a solution that works with existing schedule of every participant. Here are a few example tasks and solutions:\n\nTASK: You need to schedule a meeting for Jesse and Kenneth for half an hour between the work hours of 9:00 to 17:00 on either Monday or Tuesday. \n\nHere are the existing schedules for everyone during the days: \nJesse is busy on Monday during 13:00 to 13:30, 15:30 to 16:00, Tuesday during 9:00 to 9:30, 13:00 to 13:30, 15:30 to 16:00, 16:30 to 17:00; \nKenneth has blocked their calendar on Monday during 9:00 to 10:00, 11:30 to 14:00, 15:00 to 15:30, Tuesday during 9:00 to 12:30, 13:00 to 14:00, 16:00 to 16:30; \n\nJesse would like to avoid more meetings on Tuesday. Kenneth would like to avoid more meetings on Monday after 12:00. Find a time that works for everyone's schedule and constraints. \nSOLUTION: ""}",True,3265.0,1110.0,17.869476318359375,0.003846,cal_pot
calendar_scheduling_example_613,"Here is the proposed time: Tuesday, 14:30 - 15:30","{'num_people': '2', 'num_days': '2', 'duration': '1', 'prompt_5shot': ""You are an expert at scheduling meetings. You are given a few constraints on the existing schedule of each participant, the meeting duration, and possibly some preferences on the meeting time. Note there exists a solution that works with existing schedule of every participant. Here are a few example tasks and solutions:\n\nTASK: You need to schedule a meeting for Bradley and Barbara for half an hour between the work hours of 9:00 to 17:00 on either Monday or Tuesday. \n\nHere are the existing schedules for everyone during the days: \nBradley has meetings on Monday during 9:30 to 10:00, 10:30 to 11:00, 12:30 to 13:30, 14:00 to 14:30, 15:00 to 16:00, 16:30 to 17:00, Tuesday during 10:00 to 10:30, 13:30 to 14:30, 15:30 to 17:00; \nBarbara has blocked their calendar on Monday during 9:30 to 12:00, 13:00 to 16:00, Tuesday during 9:30 to 13:30, 14:30 to 17:00; \n\nBarbara can not meet on Monday. Find a time that works for everyone's schedule and constraints. \nSOLUTION: Here is the proposed time: Tuesday, 9:00 - 9:30 \n\nTASK: You need to schedule a meeting for Patrick and Denise for one hour between the work hours of 9:00 to 17:00 on either Monday or Tuesday. \n\nHere are the existing schedules for everyone during the days: \nPatrick has blocked their calendar on Monday during 10:30 to 11:00, 12:00 to 13:00, 13:30 to 16:00, Tuesday during 9:30 to 10:00, 10:30 to 12:00, 15:30 to 16:00, 16:30 to 17:00; \nDenise has meetings on Monday during 9:00 to 9:30, 10:00 to 13:00, 13:30 to 16:00, 16:30 to 17:00, Tuesday during 10:00 to 11:00, 11:30 to 12:00, 13:00 to 14:00, 14:30 to 15:30, 16:00 to 17:00; \n\nFind a time that works for everyone's schedule and constraints. \nSOLUTION: Here is the proposed time: Tuesday, 12:00 - 13:00 \n\nTASK: You need to schedule a meeting for Willie and Jeffrey for one hour between the work hours of 9:00 to 17:00 on either Monday or Tuesday. \n\nHere are the existing schedules for everyone during the days: \nWilliehas no meetings the whole week.\nJeffrey has blocked their calendar on Monday during 9:30 to 12:30, 13:00 to 14:30, 15:00 to 16:00, Tuesday during 9:00 to 9:30, 11:00 to 12:30, 13:00 to 13:30, 14:00 to 15:30, 16:30 to 17:00; \n\nJeffrey do not want to meet on Tuesday. Find a time that works for everyone's schedule and constraints. \nSOLUTION: Here is the proposed time: Monday, 16:00 - 17:00 \n\nTASK: You need to schedule a meeting for Scott and Patricia for one hour between the work hours of 9:00 to 17:00 on either Monday or Tuesday. \n\nHere are the existing schedules for everyone during the days: \nScott's calendar is wide open the entire week.\nPatricia is busy on Monday during 9:00 to 10:00, 10:30 to 12:00, 14:00 to 14:30, 15:00 to 15:30, 16:00 to 16:30, Tuesday during 9:00 to 9:30, 10:30 to 11:00, 11:30 to 12:00, 13:00 to 13:30, 14:00 to 15:00, 16:00 to 17:00; \n\nThe group would like to meet at their earlist availability.\nFind a time that works for everyone's schedule and constraints. \nSOLUTION: Here is the proposed time: Monday, 12:00 - 13:00 \n\nTASK: You need to schedule a meeting for Eric and Lauren for half an hour between the work hours of 9:00 to 17:00 on either Monday or Tuesday. \n\nHere are the existing schedules for everyone during the days: \nEric has meetings on Monday during 9:00 to 9:30, 12:30 to 13:00, 13:30 to 14:30, 16:30 to 17:00, Tuesday during 9:00 to 9:30, 12:00 to 13:30, 15:00 to 15:30, 16:00 to 17:00; \nLauren has meetings on Monday during 10:30 to 11:30, 12:30 to 16:00, 16:30 to 17:00, Tuesday during 9:30 to 10:00, 11:00 to 12:00, 13:30 to 14:00, 15:00 to 15:30, 16:30 to 17:00; \n\nLauren would like to avoid more meetings on Tuesday. You would like to schedule the meeting at their earlist availability.\nFind a time that works for everyone's schedule and constraints. \nSOLUTION: Here is the proposed time: Monday, 9:30 - 10:00 \n\nTASK: You need to schedule a meeting for Sharon and Logan for one hour between the work hours of 9:00 to 17:00 on either Monday or Tuesday. \n\nHere are the existing schedules for everyone during the days: \nSharon has meetings on Monday during 10:00 to 10:30, 11:30 to 12:00, 13:00 to 15:00, Tuesday during 9:00 to 10:00, 10:30 to 11:00, 14:00 to 14:30, 16:00 to 17:00; \nLogan has meetings on Monday during 9:00 to 9:30, 10:00 to 12:00, 12:30 to 14:30, 15:30 to 17:00, Tuesday during 9:00 to 14:30, 15:30 to 17:00; \n\nFind a time that works for everyone's schedule and constraints. \nSOLUTION: "", 'golden_plan': 'Here is the proposed time: Tuesday, 14:30 - 15:30 ', 'pred_5shot_pro': 'Here is the proposed time: Monday, 15:00 - 16:00 \n', 'prompt_0shot': ""You are an expert at scheduling meetings. You are given a few constraints on the existing schedule of each participant, the meeting duration, and possibly some preferences on the meeting time. Note there exists a solution that works with existing schedule of every participant. Here are a few example tasks and solutions:\n\nTASK: You need to schedule a meeting for Sharon and Logan for one hour between the work hours of 9:00 to 17:00 on either Monday or Tuesday. \n\nHere are the existing schedules for everyone during the days: \nSharon has meetings on Monday during 10:00 to 10:30, 11:30 to 12:00, 13:00 to 15:00, Tuesday during 9:00 to 10:00, 10:30 to 11:00, 14:00 to 14:30, 16:00 to 17:00; \nLogan has meetings on Monday during 9:00 to 9:30, 10:00 to 12:00, 12:30 to 14:30, 15:30 to 17:00, Tuesday during 9:00 to 14:30, 15:30 to 17:00; \n\nFind a time that works for everyone's schedule and constraints. \nSOLUTION: ""}",True,3057.0,2400.0,22400.63541507721,0.0059142000000000005,cal_pot
calendar_scheduling_example_661,"Here is the proposed time: Monday, 09:00 - 10:00","{'num_people': '2', 'num_days': '2', 'duration': '1', 'prompt_5shot': ""You are an expert at scheduling meetings. You are given a few constraints on the existing schedule of each participant, the meeting duration, and possibly some preferences on the meeting time. Note there exists a solution that works with existing schedule of every participant. Here are a few example tasks and solutions:\n\nTASK: You need to schedule a meeting for Bradley and Barbara for half an hour between the work hours of 9:00 to 17:00 on either Monday or Tuesday. \n\nHere are the existing schedules for everyone during the days: \nBradley has meetings on Monday during 9:30 to 10:00, 10:30 to 11:00, 12:30 to 13:30, 14:00 to 14:30, 15:00 to 16:00, 16:30 to 17:00, Tuesday during 10:00 to 10:30, 13:30 to 14:30, 15:30 to 17:00; \nBarbara has blocked their calendar on Monday during 9:30 to 12:00, 13:00 to 16:00, Tuesday during 9:30 to 13:30, 14:30 to 17:00; \n\nBarbara can not meet on Monday. Find a time that works for everyone's schedule and constraints. \nSOLUTION: Here is the proposed time: Tuesday, 9:00 - 9:30 \n\nTASK: You need to schedule a meeting for Patrick and Denise for one hour between the work hours of 9:00 to 17:00 on either Monday or Tuesday. \n\nHere are the existing schedules for everyone during the days: \nPatrick has blocked their calendar on Monday during 10:30 to 11:00, 12:00 to 13:00, 13:30 to 16:00, Tuesday during 9:30 to 10:00, 10:30 to 12:00, 15:30 to 16:00, 16:30 to 17:00; \nDenise has meetings on Monday during 9:00 to 9:30, 10:00 to 13:00, 13:30 to 16:00, 16:30 to 17:00, Tuesday during 10:00 to 11:00, 11:30 to 12:00, 13:00 to 14:00, 14:30 to 15:30, 16:00 to 17:00; \n\nFind a time that works for everyone's schedule and constraints. \nSOLUTION: Here is the proposed time: Tuesday, 12:00 - 13:00 \n\nTASK: You need to schedule a meeting for Willie and Jeffrey for one hour between the work hours of 9:00 to 17:00 on either Monday or Tuesday. \n\nHere are the existing schedules for everyone during the days: \nWilliehas no meetings the whole week.\nJeffrey has blocked their calendar on Monday during 9:30 to 12:30, 13:00 to 14:30, 15:00 to 16:00, Tuesday during 9:00 to 9:30, 11:00 to 12:30, 13:00 to 13:30, 14:00 to 15:30, 16:30 to 17:00; \n\nJeffrey do not want to meet on Tuesday. Find a time that works for everyone's schedule and constraints. \nSOLUTION: Here is the proposed time: Monday, 16:00 - 17:00 \n\nTASK: You need to schedule a meeting for Scott and Patricia for one hour between the work hours of 9:00 to 17:00 on either Monday or Tuesday. \n\nHere are the existing schedules for everyone during the days: \nScott's calendar is wide open the entire week.\nPatricia is busy on Monday during 9:00 to 10:00, 10:30 to 12:00, 14:00 to 14:30, 15:00 to 15:30, 16:00 to 16:30, Tuesday during 9:00 to 9:30, 10:30 to 11:00, 11:30 to 12:00, 13:00 to 13:30, 14:00 to 15:00, 16:00 to 17:00; \n\nThe group would like to meet at their earlist availability.\nFind a time that works for everyone's schedule and constraints. \nSOLUTION: Here is the proposed time: Monday, 12:00 - 13:00 \n\nTASK: You need to schedule a meeting for Eric and Lauren for half an hour between the work hours of 9:00 to 17:00 on either Monday or Tuesday. \n\nHere are the existing schedules for everyone during the days: \nEric has meetings on Monday during 9:00 to 9:30, 12:30 to 13:00, 13:30 to 14:30, 16:30 to 17:00, Tuesday during 9:00 to 9:30, 12:00 to 13:30, 15:00 to 15:30, 16:00 to 17:00; \nLauren has meetings on Monday during 10:30 to 11:30, 12:30 to 16:00, 16:30 to 17:00, Tuesday during 9:30 to 10:00, 11:00 to 12:00, 13:30 to 14:00, 15:00 to 15:30, 16:30 to 17:00; \n\nLauren would like to avoid more meetings on Tuesday. You would like to schedule the meeting at their earlist availability.\nFind a time that works for everyone's schedule and constraints. \nSOLUTION: Here is the proposed time: Monday, 9:30 - 10:00 \n\nTASK: You need to schedule a meeting for Benjamin and Cheryl for one hour between the work hours of 9:00 to 17:00 on either Monday or Tuesday. \n\nHere are the existing schedules for everyone during the days: \nBenjamin has meetings on Monday during 14:00 to 15:00; \nCheryl has blocked their calendar on Monday during 10:00 to 10:30, 11:00 to 11:30, 12:30 to 13:30, 14:00 to 15:30, 16:00 to 16:30, Tuesday during 9:30 to 11:30, 12:00 to 17:00; \n\nBenjamin can not meet on Monday after 10:30. Find a time that works for everyone's schedule and constraints. \nSOLUTION: "", 'golden_plan': 'Here is the proposed time: Monday, 9:00 - 10:00 ', 'pred_5shot_pro': 'Here is the proposed time: **Monday, 9:00 - 10:00** \n\n**Explanation:**\n\n* Cheryl is free from 9:00 to 10:00 on Monday.\n* Benjamin is free during this time and his constraint of not meeting after 10:30 on Monday is met. \n', 'prompt_0shot': ""You are an expert at scheduling meetings. You are given a few constraints on the existing schedule of each participant, the meeting duration, and possibly some preferences on the meeting time. Note there exists a solution that works with existing schedule of every participant. Here are a few example tasks and solutions:\n\nTASK: You need to schedule a meeting for Benjamin and Cheryl for one hour between the work hours of 9:00 to 17:00 on either Monday or Tuesday. \n\nHere are the existing schedules for everyone during the days: \nBenjamin has meetings on Monday during 14:00 to 15:00; \nCheryl has blocked their calendar on Monday during 10:00 to 10:30, 11:00 to 11:30, 12:30 to 13:30, 14:00 to 15:30, 16:00 to 16:30, Tuesday during 9:30 to 11:30, 12:00 to 17:00; \n\nBenjamin can not meet on Monday after 10:30. Find a time that works for everyone's schedule and constraints. \nSOLUTION: ""}",True,2933.0,887.0,35.16161870956421,0.0032677,cal_pot
calendar_scheduling_example_749,"Here is the proposed time: Tuesday, 14:00 - 14:30","{'num_people': '2', 'num_days': '3', 'duration': '0.5', 'prompt_5shot': ""You are an expert at scheduling meetings. You are given a few constraints on the existing schedule of each participant, the meeting duration, and possibly some preferences on the meeting time. Note there exists a solution that works with existing schedule of every participant. Here are a few example tasks and solutions:\n\nTASK: You need to schedule a meeting for Jordan and Betty for one hour between the work hours of 9:00 to 17:00 on either Monday, Tuesday or Wednesday. \n\nHere are the existing schedules for everyone during the days: \nJordan has meetings on Tuesday during 11:00 to 11:30, 13:30 to 14:00, Wednesday during 9:00 to 9:30, 14:00 to 14:30; \nBetty has blocked their calendar on Monday during 9:00 to 12:30, 13:00 to 17:00, Tuesday during 9:00 to 10:00, 10:30 to 11:00, 11:30 to 12:30, 13:30 to 16:00, 16:30 to 17:00, Wednesday during 9:00 to 9:30, 10:30 to 17:00; \n\nYou would like to schedule the meeting at their earlist availability.\nFind a time that works for everyone's schedule and constraints. \nSOLUTION: Here is the proposed time: Tuesday, 12:30 - 13:30 \n\nTASK: You need to schedule a meeting for James and Timothy for half an hour between the work hours of 9:00 to 17:00 on either Monday, Tuesday or Wednesday. \n\nHere are the existing schedules for everyone during the days: \nJames has blocked their calendar on Monday during 9:30 to 10:00, 10:30 to 11:00, 12:30 to 13:00, 13:30 to 14:30, 15:00 to 15:30, 16:30 to 17:00, Tuesday during 10:00 to 11:00, 15:30 to 16:00, Wednesday during 9:00 to 12:30, 14:00 to 15:00, 15:30 to 17:00; \nTimothy has blocked their calendar on Monday during 9:00 to 17:00, Tuesday during 9:00 to 15:00, 15:30 to 17:00, Wednesday during 9:30 to 17:00; \n\nFind a time that works for everyone's schedule and constraints. \nSOLUTION: Here is the proposed time: Tuesday, 15:00 - 15:30 \n\nTASK: You need to schedule a meeting for Lori and Emma for half an hour between the work hours of 9:00 to 17:00 on either Monday, Tuesday or Wednesday. \n\nHere are the existing schedules for everyone during the days: \nLori has blocked their calendar on Monday during 12:30 to 13:00, 13:30 to 14:00, Tuesday during 9:00 to 10:00, 13:00 to 13:30, 14:00 to 14:30, 15:00 to 15:30, Wednesday during 9:30 to 10:00, 11:00 to 11:30, 12:00 to 12:30, 15:30 to 16:00, 16:30 to 17:00; \nEmma has meetings on Monday during 9:00 to 10:00, 10:30 to 17:00, Tuesday during 9:00 to 9:30, 10:30 to 11:30, 12:00 to 13:30, 14:00 to 16:00, 16:30 to 17:00, Wednesday during 9:00 to 10:00, 10:30 to 13:00, 13:30 to 17:00; \n\nYou would like to schedule the meeting at their earlist availability.\nFind a time that works for everyone's schedule and constraints. \nSOLUTION: Here is the proposed time: Monday, 10:00 - 10:30 \n\nTASK: You need to schedule a meeting for Steven and Zachary for one hour between the work hours of 9:00 to 17:00 on either Monday, Tuesday or Wednesday. \n\nHere are the existing schedules for everyone during the days: \nSteven is busy on Monday during 9:00 to 11:30, 13:00 to 13:30, 14:00 to 14:30, Tuesday during 11:00 to 11:30, 12:00 to 12:30, 13:00 to 14:00, 15:00 to 16:00, 16:30 to 17:00, Wednesday during 9:30 to 11:00, 13:30 to 14:00; \nZachary is busy on Monday during 9:00 to 17:00, Tuesday during 10:30 to 11:30, 12:00 to 12:30, 13:00 to 15:00, 15:30 to 16:00, 16:30 to 17:00, Wednesday during 9:00 to 11:00, 12:00 to 12:30, 13:00 to 17:00; \n\nZachary would like to avoid more meetings on Wednesday. Find a time that works for everyone's schedule and constraints. \nSOLUTION: Here is the proposed time: Tuesday, 9:00 - 10:00 \n\nTASK: You need to schedule a meeting for Lisa and Jeffrey for half an hour between the work hours of 9:00 to 17:00 on either Monday, Tuesday or Wednesday. \n\nHere are the existing schedules for everyone during the days: \nLisa has blocked their calendar on Monday during 11:00 to 12:00, 13:00 to 13:30, Tuesday during 9:00 to 9:30, 10:30 to 11:00, 12:00 to 13:00, 13:30 to 14:30, 16:00 to 16:30, Wednesday during 12:00 to 13:30, 14:00 to 14:30; \nJeffrey has meetings on Monday during 9:30 to 10:30, 11:30 to 12:30, 13:00 to 16:00, Tuesday during 9:00 to 10:00, 11:00 to 11:30, 12:00 to 12:30, 13:30 to 14:00, 15:30 to 16:00, 16:30 to 17:00, Wednesday during 10:30 to 12:30, 13:00 to 14:00, 14:30 to 15:00, 15:30 to 16:00, 16:30 to 17:00; \n\nLisa would like to avoid more meetings on Monday after 11:30. Wednesday. Jeffrey can not meet on Tuesday. Find a time that works for everyone's schedule and constraints. \nSOLUTION: Here is the proposed time: Monday, 10:30 - 11:00 \n\nTASK: You need to schedule a meeting for Scott and Anthony for half an hour between the work hours of 9:00 to 17:00 on either Monday, Tuesday or Wednesday. \n\nHere are the existing schedules for everyone during the days: \nScotthas no meetings the whole week.\nAnthony has meetings on Monday during 9:30 to 13:00, 13:30 to 14:30, 15:00 to 16:30, Tuesday during 9:00 to 11:00, 11:30 to 14:00, 14:30 to 17:00, Wednesday during 9:00 to 11:00, 11:30 to 12:00, 12:30 to 13:00, 14:30 to 16:30; \n\nAnthony can not meet on Monday. Tuesday after 14:00. Wednesday. Find a time that works for everyone's schedule and constraints. \nSOLUTION: "", 'golden_plan': 'Here is the proposed time: Tuesday, 11:00 - 11:30 ', 'pred_5shot_pro': ""Here is the proposed time: **Tuesday, 11:00 - 11:30** \n\n**Explanation:**\n\nSince Scott has no meetings, we only need to find a time that works for Anthony. He's unavailable on Monday and Wednesday, and after 2 pm on Tuesday. The only open slot for him is between 11:00 and 11:30 on Tuesday. \n"", 'prompt_0shot': ""You are an expert at scheduling meetings. You are given a few constraints on the existing schedule of each participant, the meeting duration, and possibly some preferences on the meeting time. Note there exists a solution that works with existing schedule of every participant. Here are a few example tasks and solutions:\n\nTASK: You need to schedule a meeting for Scott and Anthony for half an hour between the work hours of 9:00 to 17:00 on either Monday, Tuesday or Wednesday. \n\nHere are the existing schedules for everyone during the days: \nScotthas no meetings the whole week.\nAnthony has meetings on Monday during 9:30 to 13:00, 13:30 to 14:30, 15:00 to 16:30, Tuesday during 9:00 to 11:00, 11:30 to 14:00, 14:30 to 17:00, Wednesday during 9:00 to 11:00, 11:30 to 12:00, 12:30 to 13:00, 14:30 to 16:30; \n\nAnthony can not meet on Monday. Tuesday after 14:00. Wednesday. Find a time that works for everyone's schedule and constraints. \nSOLUTION: ""}",False,3000.0,580.0,34.662806272506714,0.002786,cal_pot
calendar_scheduling_example_777,"Here is the proposed time: Monday, 12:00 - 12:30","{'num_people': '2', 'num_days': '3', 'duration': '0.5', 'prompt_5shot': ""You are an expert at scheduling meetings. You are given a few constraints on the existing schedule of each participant, the meeting duration, and possibly some preferences on the meeting time. Note there exists a solution that works with existing schedule of every participant. Here are a few example tasks and solutions:\n\nTASK: You need to schedule a meeting for Jordan and Betty for one hour between the work hours of 9:00 to 17:00 on either Monday, Tuesday or Wednesday. \n\nHere are the existing schedules for everyone during the days: \nJordan has meetings on Tuesday during 11:00 to 11:30, 13:30 to 14:00, Wednesday during 9:00 to 9:30, 14:00 to 14:30; \nBetty has blocked their calendar on Monday during 9:00 to 12:30, 13:00 to 17:00, Tuesday during 9:00 to 10:00, 10:30 to 11:00, 11:30 to 12:30, 13:30 to 16:00, 16:30 to 17:00, Wednesday during 9:00 to 9:30, 10:30 to 17:00; \n\nYou would like to schedule the meeting at their earlist availability.\nFind a time that works for everyone's schedule and constraints. \nSOLUTION: Here is the proposed time: Tuesday, 12:30 - 13:30 \n\nTASK: You need to schedule a meeting for James and Timothy for half an hour between the work hours of 9:00 to 17:00 on either Monday, Tuesday or Wednesday. \n\nHere are the existing schedules for everyone during the days: \nJames has blocked their calendar on Monday during 9:30 to 10:00, 10:30 to 11:00, 12:30 to 13:00, 13:30 to 14:30, 15:00 to 15:30, 16:30 to 17:00, Tuesday during 10:00 to 11:00, 15:30 to 16:00, Wednesday during 9:00 to 12:30, 14:00 to 15:00, 15:30 to 17:00; \nTimothy has blocked their calendar on Monday during 9:00 to 17:00, Tuesday during 9:00 to 15:00, 15:30 to 17:00, Wednesday during 9:30 to 17:00; \n\nFind a time that works for everyone's schedule and constraints. \nSOLUTION: Here is the proposed time: Tuesday, 15:00 - 15:30 \n\nTASK: You need to schedule a meeting for Lori and Emma for half an hour between the work hours of 9:00 to 17:00 on either Monday, Tuesday or Wednesday. \n\nHere are the existing schedules for everyone during the days: \nLori has blocked their calendar on Monday during 12:30 to 13:00, 13:30 to 14:00, Tuesday during 9:00 to 10:00, 13:00 to 13:30, 14:00 to 14:30, 15:00 to 15:30, Wednesday during 9:30 to 10:00, 11:00 to 11:30, 12:00 to 12:30, 15:30 to 16:00, 16:30 to 17:00; \nEmma has meetings on Monday during 9:00 to 10:00, 10:30 to 17:00, Tuesday during 9:00 to 9:30, 10:30 to 11:30, 12:00 to 13:30, 14:00 to 16:00, 16:30 to 17:00, Wednesday during 9:00 to 10:00, 10:30 to 13:00, 13:30 to 17:00; \n\nYou would like to schedule the meeting at their earlist availability.\nFind a time that works for everyone's schedule and constraints. \nSOLUTION: Here is the proposed time: Monday, 10:00 - 10:30 \n\nTASK: You need to schedule a meeting for Steven and Zachary for one hour between the work hours of 9:00 to 17:00 on either Monday, Tuesday or Wednesday. \n\nHere are the existing schedules for everyone during the days: \nSteven is busy on Monday during 9:00 to 11:30, 13:00 to 13:30, 14:00 to 14:30, Tuesday during 11:00 to 11:30, 12:00 to 12:30, 13:00 to 14:00, 15:00 to 16:00, 16:30 to 17:00, Wednesday during 9:30 to 11:00, 13:30 to 14:00; \nZachary is busy on Monday during 9:00 to 17:00, Tuesday during 10:30 to 11:30, 12:00 to 12:30, 13:00 to 15:00, 15:30 to 16:00, 16:30 to 17:00, Wednesday during 9:00 to 11:00, 12:00 to 12:30, 13:00 to 17:00; \n\nZachary would like to avoid more meetings on Wednesday. Find a time that works for everyone's schedule and constraints. \nSOLUTION: Here is the proposed time: Tuesday, 9:00 - 10:00 \n\nTASK: You need to schedule a meeting for Lisa and Jeffrey for half an hour between the work hours of 9:00 to 17:00 on either Monday, Tuesday or Wednesday. \n\nHere are the existing schedules for everyone during the days: \nLisa has blocked their calendar on Monday during 11:00 to 12:00, 13:00 to 13:30, Tuesday during 9:00 to 9:30, 10:30 to 11:00, 12:00 to 13:00, 13:30 to 14:30, 16:00 to 16:30, Wednesday during 12:00 to 13:30, 14:00 to 14:30; \nJeffrey has meetings on Monday during 9:30 to 10:30, 11:30 to 12:30, 13:00 to 16:00, Tuesday during 9:00 to 10:00, 11:00 to 11:30, 12:00 to 12:30, 13:30 to 14:00, 15:30 to 16:00, 16:30 to 17:00, Wednesday during 10:30 to 12:30, 13:00 to 14:00, 14:30 to 15:00, 15:30 to 16:00, 16:30 to 17:00; \n\nLisa would like to avoid more meetings on Monday after 11:30. Wednesday. Jeffrey can not meet on Tuesday. Find a time that works for everyone's schedule and constraints. \nSOLUTION: Here is the proposed time: Monday, 10:30 - 11:00 \n\nTASK: You need to schedule a meeting for Brandon and Olivia for half an hour between the work hours of 9:00 to 17:00 on either Monday, Tuesday or Wednesday. \n\nHere are the existing schedules for everyone during the days: \nBrandon is busy on Monday during 10:30 to 11:30, 12:00 to 12:30, 13:30 to 14:30, Tuesday during 10:00 to 11:30, 14:00 to 14:30, 15:30 to 16:30, Wednesday during 12:00 to 13:30, 14:00 to 15:00; \nOlivia has meetings on Monday during 9:00 to 12:00, 12:30 to 13:30, 14:00 to 17:00, Tuesday during 9:00 to 11:00, 12:00 to 13:30, 14:30 to 15:00, 15:30 to 16:00, 16:30 to 17:00, Wednesday during 9:00 to 10:00, 10:30 to 11:00, 11:30 to 12:00, 12:30 to 13:30, 16:00 to 17:00; \n\nBrandon do not want to meet on Tuesday. You would like to schedule the meeting at their earlist availability.\nFind a time that works for everyone's schedule and constraints. \nSOLUTION: "", 'golden_plan': 'Here is the proposed time: Wednesday, 10:00 - 10:30 ', 'pred_5shot_pro': 'Here is the proposed time: Monday, 9:00 - 9:30 \n', 'prompt_0shot': ""You are an expert at scheduling meetings. You are given a few constraints on the existing schedule of each participant, the meeting duration, and possibly some preferences on the meeting time. Note there exists a solution that works with existing schedule of every participant. Here are a few example tasks and solutions:\n\nTASK: You need to schedule a meeting for Brandon and Olivia for half an hour between the work hours of 9:00 to 17:00 on either Monday, Tuesday or Wednesday. \n\nHere are the existing schedules for everyone during the days: \nBrandon is busy on Monday during 10:30 to 11:30, 12:00 to 12:30, 13:30 to 14:30, Tuesday during 10:00 to 11:30, 14:00 to 14:30, 15:30 to 16:30, Wednesday during 12:00 to 13:30, 14:00 to 15:00; \nOlivia has meetings on Monday during 9:00 to 12:00, 12:30 to 13:30, 14:00 to 17:00, Tuesday during 9:00 to 11:00, 12:00 to 13:30, 14:30 to 15:00, 15:30 to 16:00, 16:30 to 17:00, Wednesday during 9:00 to 10:00, 10:30 to 11:00, 11:30 to 12:00, 12:30 to 13:30, 16:00 to 17:00; \n\nBrandon do not want to meet on Tuesday. You would like to schedule the meeting at their earlist availability.\nFind a time that works for everyone's schedule and constraints. \nSOLUTION: ""}",False,3648.0,2669.0,67.11149668693542,0.0067261000000000005,cal_pot
calendar_scheduling_example_747,"Here is the proposed time: Wednesday, 12:30 - 13:00","{'num_people': '2', 'num_days': '3', 'duration': '0.5', 'prompt_5shot': ""You are an expert at scheduling meetings. You are given a few constraints on the existing schedule of each participant, the meeting duration, and possibly some preferences on the meeting time. Note there exists a solution that works with existing schedule of every participant. Here are a few example tasks and solutions:\n\nTASK: You need to schedule a meeting for Jordan and Betty for one hour between the work hours of 9:00 to 17:00 on either Monday, Tuesday or Wednesday. \n\nHere are the existing schedules for everyone during the days: \nJordan has meetings on Tuesday during 11:00 to 11:30, 13:30 to 14:00, Wednesday during 9:00 to 9:30, 14:00 to 14:30; \nBetty has blocked their calendar on Monday during 9:00 to 12:30, 13:00 to 17:00, Tuesday during 9:00 to 10:00, 10:30 to 11:00, 11:30 to 12:30, 13:30 to 16:00, 16:30 to 17:00, Wednesday during 9:00 to 9:30, 10:30 to 17:00; \n\nYou would like to schedule the meeting at their earlist availability.\nFind a time that works for everyone's schedule and constraints. \nSOLUTION: Here is the proposed time: Tuesday, 12:30 - 13:30 \n\nTASK: You need to schedule a meeting for James and Timothy for half an hour between the work hours of 9:00 to 17:00 on either Monday, Tuesday or Wednesday. \n\nHere are the existing schedules for everyone during the days: \nJames has blocked their calendar on Monday during 9:30 to 10:00, 10:30 to 11:00, 12:30 to 13:00, 13:30 to 14:30, 15:00 to 15:30, 16:30 to 17:00, Tuesday during 10:00 to 11:00, 15:30 to 16:00, Wednesday during 9:00 to 12:30, 14:00 to 15:00, 15:30 to 17:00; \nTimothy has blocked their calendar on Monday during 9:00 to 17:00, Tuesday during 9:00 to 15:00, 15:30 to 17:00, Wednesday during 9:30 to 17:00; \n\nFind a time that works for everyone's schedule and constraints. \nSOLUTION: Here is the proposed time: Tuesday, 15:00 - 15:30 \n\nTASK: You need to schedule a meeting for Lori and Emma for half an hour between the work hours of 9:00 to 17:00 on either Monday, Tuesday or Wednesday. \n\nHere are the existing schedules for everyone during the days: \nLori has blocked their calendar on Monday during 12:30 to 13:00, 13:30 to 14:00, Tuesday during 9:00 to 10:00, 13:00 to 13:30, 14:00 to 14:30, 15:00 to 15:30, Wednesday during 9:30 to 10:00, 11:00 to 11:30, 12:00 to 12:30, 15:30 to 16:00, 16:30 to 17:00; \nEmma has meetings on Monday during 9:00 to 10:00, 10:30 to 17:00, Tuesday during 9:00 to 9:30, 10:30 to 11:30, 12:00 to 13:30, 14:00 to 16:00, 16:30 to 17:00, Wednesday during 9:00 to 10:00, 10:30 to 13:00, 13:30 to 17:00; \n\nYou would like to schedule the meeting at their earlist availability.\nFind a time that works for everyone's schedule and constraints. \nSOLUTION: Here is the proposed time: Monday, 10:00 - 10:30 \n\nTASK: You need to schedule a meeting for Steven and Zachary for one hour between the work hours of 9:00 to 17:00 on either Monday, Tuesday or Wednesday. \n\nHere are the existing schedules for everyone during the days: \nSteven is busy on Monday during 9:00 to 11:30, 13:00 to 13:30, 14:00 to 14:30, Tuesday during 11:00 to 11:30, 12:00 to 12:30, 13:00 to 14:00, 15:00 to 16:00, 16:30 to 17:00, Wednesday during 9:30 to 11:00, 13:30 to 14:00; \nZachary is busy on Monday during 9:00 to 17:00, Tuesday during 10:30 to 11:30, 12:00 to 12:30, 13:00 to 15:00, 15:30 to 16:00, 16:30 to 17:00, Wednesday during 9:00 to 11:00, 12:00 to 12:30, 13:00 to 17:00; \n\nZachary would like to avoid more meetings on Wednesday. Find a time that works for everyone's schedule and constraints. \nSOLUTION: Here is the proposed time: Tuesday, 9:00 - 10:00 \n\nTASK: You need to schedule a meeting for Lisa and Jeffrey for half an hour between the work hours of 9:00 to 17:00 on either Monday, Tuesday or Wednesday. \n\nHere are the existing schedules for everyone during the days: \nLisa has blocked their calendar on Monday during 11:00 to 12:00, 13:00 to 13:30, Tuesday during 9:00 to 9:30, 10:30 to 11:00, 12:00 to 13:00, 13:30 to 14:30, 16:00 to 16:30, Wednesday during 12:00 to 13:30, 14:00 to 14:30; \nJeffrey has meetings on Monday during 9:30 to 10:30, 11:30 to 12:30, 13:00 to 16:00, Tuesday during 9:00 to 10:00, 11:00 to 11:30, 12:00 to 12:30, 13:30 to 14:00, 15:30 to 16:00, 16:30 to 17:00, Wednesday during 10:30 to 12:30, 13:00 to 14:00, 14:30 to 15:00, 15:30 to 16:00, 16:30 to 17:00; \n\nLisa would like to avoid more meetings on Monday after 11:30. Wednesday. Jeffrey can not meet on Tuesday. Find a time that works for everyone's schedule and constraints. \nSOLUTION: Here is the proposed time: Monday, 10:30 - 11:00 \n\nTASK: You need to schedule a meeting for Megan and Jacqueline for half an hour between the work hours of 9:00 to 17:00 on either Monday, Tuesday or Wednesday. \n\nHere are the existing schedules for everyone during the days: \nMegan has meetings on Wednesday during 10:00 to 10:30, 12:00 to 12:30; \nJacqueline is busy on Monday during 9:00 to 11:00, 11:30 to 14:30, 15:00 to 16:00, 16:30 to 17:00, Tuesday during 10:00 to 12:00, 12:30 to 16:00, 16:30 to 17:00, Wednesday during 9:00 to 10:00, 11:00 to 12:00, 13:30 to 15:00; \n\nThe group would like to meet at their earlist availability.\nFind a time that works for everyone's schedule and constraints. \nSOLUTION: "", 'golden_plan': 'Here is the proposed time: Monday, 11:00 - 11:30 ', 'pred_5shot_pro': 'Here is the proposed time: Monday, 11:00 - 11:30 \n', 'prompt_0shot': ""You are an expert at scheduling meetings. You are given a few constraints on the existing schedule of each participant, the meeting duration, and possibly some preferences on the meeting time. Note there exists a solution that works with existing schedule of every participant. Here are a few example tasks and solutions:\n\nTASK: You need to schedule a meeting for Megan and Jacqueline for half an hour between the work hours of 9:00 to 17:00 on either Monday, Tuesday or Wednesday. \n\nHere are the existing schedules for everyone during the days: \nMegan has meetings on Wednesday during 10:00 to 10:30, 12:00 to 12:30; \nJacqueline is busy on Monday during 9:00 to 11:00, 11:30 to 14:30, 15:00 to 16:00, 16:30 to 17:00, Tuesday during 10:00 to 12:00, 12:30 to 16:00, 16:30 to 17:00, Wednesday during 9:00 to 10:00, 11:00 to 12:00, 13:30 to 15:00; \n\nThe group would like to meet at their earlist availability.\nFind a time that works for everyone's schedule and constraints. \nSOLUTION: ""}",False,3082.0,1046.0,27.529689073562622,0.0036274,cal_pot
calendar_scheduling_example_719,"Here is the proposed time: Monday, 11:00 - 12:00","{'num_people': '2', 'num_days': '3', 'duration': '1', 'prompt_5shot': ""You are an expert at scheduling meetings. You are given a few constraints on the existing schedule of each participant, the meeting duration, and possibly some preferences on the meeting time. Note there exists a solution that works with existing schedule of every participant. Here are a few example tasks and solutions:\n\nTASK: You need to schedule a meeting for Jordan and Betty for one hour between the work hours of 9:00 to 17:00 on either Monday, Tuesday or Wednesday. \n\nHere are the existing schedules for everyone during the days: \nJordan has meetings on Tuesday during 11:00 to 11:30, 13:30 to 14:00, Wednesday during 9:00 to 9:30, 14:00 to 14:30; \nBetty has blocked their calendar on Monday during 9:00 to 12:30, 13:00 to 17:00, Tuesday during 9:00 to 10:00, 10:30 to 11:00, 11:30 to 12:30, 13:30 to 16:00, 16:30 to 17:00, Wednesday during 9:00 to 9:30, 10:30 to 17:00; \n\nYou would like to schedule the meeting at their earlist availability.\nFind a time that works for everyone's schedule and constraints. \nSOLUTION: Here is the proposed time: Tuesday, 12:30 - 13:30 \n\nTASK: You need to schedule a meeting for James and Timothy for half an hour between the work hours of 9:00 to 17:00 on either Monday, Tuesday or Wednesday. \n\nHere are the existing schedules for everyone during the days: \nJames has blocked their calendar on Monday during 9:30 to 10:00, 10:30 to 11:00, 12:30 to 13:00, 13:30 to 14:30, 15:00 to 15:30, 16:30 to 17:00, Tuesday during 10:00 to 11:00, 15:30 to 16:00, Wednesday during 9:00 to 12:30, 14:00 to 15:00, 15:30 to 17:00; \nTimothy has blocked their calendar on Monday during 9:00 to 17:00, Tuesday during 9:00 to 15:00, 15:30 to 17:00, Wednesday during 9:30 to 17:00; \n\nFind a time that works for everyone's schedule and constraints. \nSOLUTION: Here is the proposed time: Tuesday, 15:00 - 15:30 \n\nTASK: You need to schedule a meeting for Lori and Emma for half an hour between the work hours of 9:00 to 17:00 on either Monday, Tuesday or Wednesday. \n\nHere are the existing schedules for everyone during the days: \nLori has blocked their calendar on Monday during 12:30 to 13:00, 13:30 to 14:00, Tuesday during 9:00 to 10:00, 13:00 to 13:30, 14:00 to 14:30, 15:00 to 15:30, Wednesday during 9:30 to 10:00, 11:00 to 11:30, 12:00 to 12:30, 15:30 to 16:00, 16:30 to 17:00; \nEmma has meetings on Monday during 9:00 to 10:00, 10:30 to 17:00, Tuesday during 9:00 to 9:30, 10:30 to 11:30, 12:00 to 13:30, 14:00 to 16:00, 16:30 to 17:00, Wednesday during 9:00 to 10:00, 10:30 to 13:00, 13:30 to 17:00; \n\nYou would like to schedule the meeting at their earlist availability.\nFind a time that works for everyone's schedule and constraints. \nSOLUTION: Here is the proposed time: Monday, 10:00 - 10:30 \n\nTASK: You need to schedule a meeting for Steven and Zachary for one hour between the work hours of 9:00 to 17:00 on either Monday, Tuesday or Wednesday. \n\nHere are the existing schedules for everyone during the days: \nSteven is busy on Monday during 9:00 to 11:30, 13:00 to 13:30, 14:00 to 14:30, Tuesday during 11:00 to 11:30, 12:00 to 12:30, 13:00 to 14:00, 15:00 to 16:00, 16:30 to 17:00, Wednesday during 9:30 to 11:00, 13:30 to 14:00; \nZachary is busy on Monday during 9:00 to 17:00, Tuesday during 10:30 to 11:30, 12:00 to 12:30, 13:00 to 15:00, 15:30 to 16:00, 16:30 to 17:00, Wednesday during 9:00 to 11:00, 12:00 to 12:30, 13:00 to 17:00; \n\nZachary would like to avoid more meetings on Wednesday. Find a time that works for everyone's schedule and constraints. \nSOLUTION: Here is the proposed time: Tuesday, 9:00 - 10:00 \n\nTASK: You need to schedule a meeting for Lisa and Jeffrey for half an hour between the work hours of 9:00 to 17:00 on either Monday, Tuesday or Wednesday. \n\nHere are the existing schedules for everyone during the days: \nLisa has blocked their calendar on Monday during 11:00 to 12:00, 13:00 to 13:30, Tuesday during 9:00 to 9:30, 10:30 to 11:00, 12:00 to 13:00, 13:30 to 14:30, 16:00 to 16:30, Wednesday during 12:00 to 13:30, 14:00 to 14:30; \nJeffrey has meetings on Monday during 9:30 to 10:30, 11:30 to 12:30, 13:00 to 16:00, Tuesday during 9:00 to 10:00, 11:00 to 11:30, 12:00 to 12:30, 13:30 to 14:00, 15:30 to 16:00, 16:30 to 17:00, Wednesday during 10:30 to 12:30, 13:00 to 14:00, 14:30 to 15:00, 15:30 to 16:00, 16:30 to 17:00; \n\nLisa would like to avoid more meetings on Monday after 11:30. Wednesday. Jeffrey can not meet on Tuesday. Find a time that works for everyone's schedule and constraints. \nSOLUTION: Here is the proposed time: Monday, 10:30 - 11:00 \n\nTASK: You need to schedule a meeting for Hannah and Teresa for one hour between the work hours of 9:00 to 17:00 on either Monday, Tuesday or Wednesday. \n\nHere are the existing schedules for everyone during the days: \nHannah is free the entire week.\nTeresa has meetings on Monday during 9:00 to 11:00, 12:00 to 14:30, 15:00 to 17:00, Tuesday during 9:00 to 17:00, Wednesday during 9:00 to 12:00, 12:30 to 14:00, 14:30 to 16:30; \n\nFind a time that works for everyone's schedule and constraints. \nSOLUTION: "", 'golden_plan': 'Here is the proposed time: Monday, 11:00 - 12:00 ', 'pred_5shot_pro': 'Here is the proposed time: Wednesday, 16:30 - 17:30 \n', 'prompt_0shot': ""You are an expert at scheduling meetings. You are given a few constraints on the existing schedule of each participant, the meeting duration, and possibly some preferences on the meeting time. Note there exists a solution that works with existing schedule of every participant. Here are a few example tasks and solutions:\n\nTASK: You need to schedule a meeting for Hannah and Teresa for one hour between the work hours of 9:00 to 17:00 on either Monday, Tuesday or Wednesday. \n\nHere are the existing schedules for everyone during the days: \nHannah is free the entire week.\nTeresa has meetings on Monday during 9:00 to 11:00, 12:00 to 14:30, 15:00 to 17:00, Tuesday during 9:00 to 17:00, Wednesday during 9:00 to 12:00, 12:30 to 14:00, 14:30 to 16:30; \n\nFind a time that works for everyone's schedule and constraints. \nSOLUTION: ""}",True,2907.0,1196.0,26.49625015258789,0.0037774,cal_pot
calendar_scheduling_example_748,"**exception raised**: Code execution failed at line 'slots = find_available_slots(prompt, parsed)' due to: SyntaxError: unterminated string literal (detected at line 3) (<unknown>, line 3)","{'num_people': '2', 'num_days': '3', 'duration': '1', 'prompt_5shot': ""You are an expert at scheduling meetings. You are given a few constraints on the existing schedule of each participant, the meeting duration, and possibly some preferences on the meeting time. Note there exists a solution that works with existing schedule of every participant. Here are a few example tasks and solutions:\n\nTASK: You need to schedule a meeting for Jordan and Betty for one hour between the work hours of 9:00 to 17:00 on either Monday, Tuesday or Wednesday. \n\nHere are the existing schedules for everyone during the days: \nJordan has meetings on Tuesday during 11:00 to 11:30, 13:30 to 14:00, Wednesday during 9:00 to 9:30, 14:00 to 14:30; \nBetty has blocked their calendar on Monday during 9:00 to 12:30, 13:00 to 17:00, Tuesday during 9:00 to 10:00, 10:30 to 11:00, 11:30 to 12:30, 13:30 to 16:00, 16:30 to 17:00, Wednesday during 9:00 to 9:30, 10:30 to 17:00; \n\nYou would like to schedule the meeting at their earlist availability.\nFind a time that works for everyone's schedule and constraints. \nSOLUTION: Here is the proposed time: Tuesday, 12:30 - 13:30 \n\nTASK: You need to schedule a meeting for James and Timothy for half an hour between the work hours of 9:00 to 17:00 on either Monday, Tuesday or Wednesday. \n\nHere are the existing schedules for everyone during the days: \nJames has blocked their calendar on Monday during 9:30 to 10:00, 10:30 to 11:00, 12:30 to 13:00, 13:30 to 14:30, 15:00 to 15:30, 16:30 to 17:00, Tuesday during 10:00 to 11:00, 15:30 to 16:00, Wednesday during 9:00 to 12:30, 14:00 to 15:00, 15:30 to 17:00; \nTimothy has blocked their calendar on Monday during 9:00 to 17:00, Tuesday during 9:00 to 15:00, 15:30 to 17:00, Wednesday during 9:30 to 17:00; \n\nFind a time that works for everyone's schedule and constraints. \nSOLUTION: Here is the proposed time: Tuesday, 15:00 - 15:30 \n\nTASK: You need to schedule a meeting for Lori and Emma for half an hour between the work hours of 9:00 to 17:00 on either Monday, Tuesday or Wednesday. \n\nHere are the existing schedules for everyone during the days: \nLori has blocked their calendar on Monday during 12:30 to 13:00, 13:30 to 14:00, Tuesday during 9:00 to 10:00, 13:00 to 13:30, 14:00 to 14:30, 15:00 to 15:30, Wednesday during 9:30 to 10:00, 11:00 to 11:30, 12:00 to 12:30, 15:30 to 16:00, 16:30 to 17:00; \nEmma has meetings on Monday during 9:00 to 10:00, 10:30 to 17:00, Tuesday during 9:00 to 9:30, 10:30 to 11:30, 12:00 to 13:30, 14:00 to 16:00, 16:30 to 17:00, Wednesday during 9:00 to 10:00, 10:30 to 13:00, 13:30 to 17:00; \n\nYou would like to schedule the meeting at their earlist availability.\nFind a time that works for everyone's schedule and constraints. \nSOLUTION: Here is the proposed time: Monday, 10:00 - 10:30 \n\nTASK: You need to schedule a meeting for Steven and Zachary for one hour between the work hours of 9:00 to 17:00 on either Monday, Tuesday or Wednesday. \n\nHere are the existing schedules for everyone during the days: \nSteven is busy on Monday during 9:00 to 11:30, 13:00 to 13:30, 14:00 to 14:30, Tuesday during 11:00 to 11:30, 12:00 to 12:30, 13:00 to 14:00, 15:00 to 16:00, 16:30 to 17:00, Wednesday during 9:30 to 11:00, 13:30 to 14:00; \nZachary is busy on Monday during 9:00 to 17:00, Tuesday during 10:30 to 11:30, 12:00 to 12:30, 13:00 to 15:00, 15:30 to 16:00, 16:30 to 17:00, Wednesday during 9:00 to 11:00, 12:00 to 12:30, 13:00 to 17:00; \n\nZachary would like to avoid more meetings on Wednesday. Find a time that works for everyone's schedule and constraints. \nSOLUTION: Here is the proposed time: Tuesday, 9:00 - 10:00 \n\nTASK: You need to schedule a meeting for Lisa and Jeffrey for half an hour between the work hours of 9:00 to 17:00 on either Monday, Tuesday or Wednesday. \n\nHere are the existing schedules for everyone during the days: \nLisa has blocked their calendar on Monday during 11:00 to 12:00, 13:00 to 13:30, Tuesday during 9:00 to 9:30, 10:30 to 11:00, 12:00 to 13:00, 13:30 to 14:30, 16:00 to 16:30, Wednesday during 12:00 to 13:30, 14:00 to 14:30; \nJeffrey has meetings on Monday during 9:30 to 10:30, 11:30 to 12:30, 13:00 to 16:00, Tuesday during 9:00 to 10:00, 11:00 to 11:30, 12:00 to 12:30, 13:30 to 14:00, 15:30 to 16:00, 16:30 to 17:00, Wednesday during 10:30 to 12:30, 13:00 to 14:00, 14:30 to 15:00, 15:30 to 16:00, 16:30 to 17:00; \n\nLisa would like to avoid more meetings on Monday after 11:30. Wednesday. Jeffrey can not meet on Tuesday. Find a time that works for everyone's schedule and constraints. \nSOLUTION: Here is the proposed time: Monday, 10:30 - 11:00 \n\nTASK: You need to schedule a meeting for Robert and Bruce for one hour between the work hours of 9:00 to 17:00 on either Monday, Tuesday or Wednesday. \n\nHere are the existing schedules for everyone during the days: \nRobert is busy on Monday during 10:00 to 11:00, 11:30 to 12:00, 14:30 to 16:00, Tuesday during 9:00 to 9:30, 10:00 to 13:00, 13:30 to 14:30, 15:00 to 16:00, 16:30 to 17:00, Wednesday during 10:30 to 11:00, 12:00 to 12:30, 13:30 to 14:00, 15:00 to 15:30; \nBruce has meetings on Monday during 11:00 to 11:30, 12:00 to 12:30, 13:00 to 14:00, 14:30 to 15:30, 16:00 to 16:30, Tuesday during 9:00 to 10:30, 11:00 to 12:30, 13:00 to 14:00, 14:30 to 15:00, 16:00 to 17:00, Wednesday during 9:00 to 10:30, 12:00 to 12:30, 13:00 to 13:30, 15:00 to 16:00, 16:30 to 17:00; \n\nBruce would like to avoid more meetings on Monday. Wednesday after 14:00. Find a time that works for everyone's schedule and constraints. \nSOLUTION: "", 'golden_plan': 'Here is the proposed time: Wednesday, 11:00 - 12:00 ', 'pred_5shot_pro': 'Here is the proposed time: Tuesday, 15:00 - 16:00 \n', 'prompt_0shot': ""You are an expert at scheduling meetings. You are given a few constraints on the existing schedule of each participant, the meeting duration, and possibly some preferences on the meeting time. Note there exists a solution that works with existing schedule of every participant. Here are a few example tasks and solutions:\n\nTASK: You need to schedule a meeting for Robert and Bruce for one hour between the work hours of 9:00 to 17:00 on either Monday, Tuesday or Wednesday. \n\nHere are the existing schedules for everyone during the days: \nRobert is busy on Monday during 10:00 to 11:00, 11:30 to 12:00, 14:30 to 16:00, Tuesday during 9:00 to 9:30, 10:00 to 13:00, 13:30 to 14:30, 15:00 to 16:00, 16:30 to 17:00, Wednesday during 10:30 to 11:00, 12:00 to 12:30, 13:30 to 14:00, 15:00 to 15:30; \nBruce has meetings on Monday during 11:00 to 11:30, 12:00 to 12:30, 13:00 to 14:00, 14:30 to 15:30, 16:00 to 16:30, Tuesday during 9:00 to 10:30, 11:00 to 12:30, 13:00 to 14:00, 14:30 to 15:00, 16:00 to 17:00, Wednesday during 9:00 to 10:30, 12:00 to 12:30, 13:00 to 13:30, 15:00 to 16:00, 16:30 to 17:00; \n\nBruce would like to avoid more meetings on Monday. Wednesday after 14:00. Find a time that works for everyone's schedule and constraints. \nSOLUTION: ""}",False,3365.0,3574.0,32274.753445148468,0.008094800000000001,cal_pot
calendar_scheduling_example_856,"Here is the proposed time: Tuesday, 15:30 - 16:30","{'num_people': '2', 'num_days': '4', 'duration': '1', 'prompt_5shot': ""You are an expert at scheduling meetings. You are given a few constraints on the existing schedule of each participant, the meeting duration, and possibly some preferences on the meeting time. Note there exists a solution that works with existing schedule of every participant. Here are a few example tasks and solutions:\n\nTASK: You need to schedule a meeting for Diane and Austin for half an hour between the work hours of 9:00 to 17:00 on either Monday, Tuesday, Wednesday or Thursday. \n\nHere are the existing schedules for everyone during the days: \nDiane has meetings on Monday during 9:00 to 9:30, 11:00 to 11:30, 13:30 to 14:00, Tuesday during 11:30 to 12:00, 16:30 to 17:00, Wednesday during 12:30 to 13:00, 14:00 to 14:30, Thursday during 9:30 to 10:00, 14:30 to 15:00, 15:30 to 16:00; \nAustin is busy on Monday during 9:00 to 10:00, 10:30 to 17:00, Tuesday during 9:00 to 17:00, Wednesday during 9:00 to 10:00, 11:00 to 16:00, Thursday during 9:00 to 12:00, 12:30 to 17:00; \n\nDiane would rather not meet on Thursday. Austin do not want to meet on Wednesday. Find a time that works for everyone's schedule and constraints. \nSOLUTION: Here is the proposed time: Monday, 10:00 - 10:30 \n\nTASK: You need to schedule a meeting for Henry and Patricia for half an hour between the work hours of 9:00 to 17:00 on either Monday, Tuesday, Wednesday or Thursday. \n\nHere are the existing schedules for everyone during the days: \nHenry is free the entire week.\nPatricia has blocked their calendar on Monday during 10:30 to 11:00, 11:30 to 13:30, 14:30 to 15:00, 15:30 to 16:00, Tuesday during 9:00 to 11:00, 11:30 to 12:00, 12:30 to 13:00, 15:00 to 15:30, 16:00 to 17:00, Wednesday during 9:00 to 11:30, 12:30 to 14:00, 16:00 to 16:30, Thursday during 10:00 to 10:30, 11:00 to 12:30, 14:00 to 15:00, 16:30 to 17:00; \n\nHenry can not meet on Monday. Wednesday. Thursday. Patricia would rather not meet on Tuesday after 12:30. Find a time that works for everyone's schedule and constraints. \nSOLUTION: Here is the proposed time: Tuesday, 12:00 - 12:30 \n\nTASK: You need to schedule a meeting for Charles and Walter for half an hour between the work hours of 9:00 to 17:00 on either Monday, Tuesday, Wednesday or Thursday. \n\nHere are the existing schedules for everyone during the days: \nCharles is busy on Monday during 9:00 to 11:00, 13:00 to 13:30, 16:00 to 16:30, Tuesday during 10:00 to 10:30, 11:30 to 12:00, 12:30 to 14:00, Wednesday during 9:30 to 10:30, 12:00 to 12:30, 13:00 to 14:00, 14:30 to 16:00, 16:30 to 17:00, Thursday during 10:00 to 12:00, 14:30 to 15:30, 16:00 to 17:00; \nWalter has meetings on Monday during 10:00 to 14:00, 14:30 to 15:00, 15:30 to 16:30, Tuesday during 9:00 to 10:00, 10:30 to 13:30, 14:00 to 15:30, 16:00 to 17:00, Wednesday during 10:30 to 11:00, 12:00 to 14:00, 15:30 to 16:00, Thursday during 9:00 to 15:00, 15:30 to 16:00, 16:30 to 17:00; \n\nCharles do not want to meet on Tuesday. Walter can not meet on Monday after 16:30. Wednesday. Find a time that works for everyone's schedule and constraints. \nSOLUTION: Here is the proposed time: Monday, 15:00 - 15:30 \n\nTASK: You need to schedule a meeting for Bryan and Abigail for half an hour between the work hours of 9:00 to 17:00 on either Monday, Tuesday, Wednesday or Thursday. \n\nHere are the existing schedules for everyone during the days: \nBryan is busy on Monday during 9:00 to 10:30, 11:30 to 12:00, 12:30 to 13:30, 15:00 to 15:30, 16:30 to 17:00, Tuesday during 10:30 to 11:00, 13:30 to 14:00, 16:30 to 17:00, Wednesday during 9:30 to 10:00, 12:00 to 13:00, Thursday during 10:30 to 11:00, 11:30 to 13:00, 13:30 to 14:00, 16:30 to 17:00; \nAbigail has meetings on Monday during 9:00 to 9:30, 10:00 to 10:30, 11:00 to 11:30, 12:30 to 13:00, 13:30 to 14:00, 14:30 to 15:00, 15:30 to 17:00, Tuesday during 9:30 to 14:00, 15:00 to 15:30, 16:00 to 16:30, Wednesday during 9:00 to 12:00, 12:30 to 13:00, 13:30 to 14:30, 15:00 to 15:30, 16:00 to 17:00, Thursday during 9:00 to 9:30, 10:00 to 13:30, 14:00 to 17:00; \n\nBryan can not meet on Tuesday. Abigail would like to avoid more meetings on Monday. Wednesday after 13:30. Thursday. Find a time that works for everyone's schedule and constraints. \nSOLUTION: Here is the proposed time: Wednesday, 13:00 - 13:30 \n\nTASK: You need to schedule a meeting for Nicole and Ronald for one hour between the work hours of 9:00 to 17:00 on either Monday, Tuesday, Wednesday or Thursday. \n\nHere are the existing schedules for everyone during the days: \nNicole is busy on Monday during 10:00 to 10:30, 11:30 to 12:00, 13:00 to 13:30, 14:00 to 14:30, 15:00 to 15:30, 16:30 to 17:00, Tuesday during 9:00 to 9:30, 10:30 to 11:30, 12:30 to 13:30, 14:00 to 15:30, 16:00 to 17:00, Wednesday during 9:00 to 9:30, 10:30 to 11:00, 12:30 to 13:30, 16:00 to 16:30, Thursday during 9:00 to 9:30, 11:00 to 12:30, 13:30 to 14:30, 16:30 to 17:00; \nRonald has blocked their calendar on Monday during 9:00 to 15:30, 16:30 to 17:00, Tuesday during 9:00 to 10:00, 11:00 to 11:30, 16:30 to 17:00, Wednesday during 9:00 to 12:00, 13:00 to 13:30, 14:00 to 14:30, 15:00 to 15:30, 16:00 to 17:00, Thursday during 9:00 to 9:30, 11:00 to 12:30, 13:00 to 14:30, 15:00 to 16:00; \n\nThe group would like to meet at their earlist availability.\nFind a time that works for everyone's schedule and constraints. \nSOLUTION: Here is the proposed time: Monday, 15:30 - 16:30 \n\nTASK: You need to schedule a meeting for Dennis and William for one hour between the work hours of 9:00 to 17:00 on either Monday, Tuesday, Wednesday or Thursday. \n\nHere are the existing schedules for everyone during the days: \nDennis is busy on Monday during 9:00 to 9:30, 10:30 to 11:00, 11:30 to 12:30, 13:30 to 14:30, 15:00 to 15:30, Tuesday during 10:00 to 10:30, 11:00 to 12:00, 13:00 to 13:30, 14:00 to 14:30, 16:00 to 16:30, Wednesday during 9:30 to 10:00, 10:30 to 11:00, 13:00 to 13:30, 14:00 to 15:00, 16:30 to 17:00, Thursday during 9:30 to 10:00, 10:30 to 12:00, 13:00 to 14:30, 15:30 to 16:30; \nWilliam is busy on Monday during 9:00 to 17:00, Tuesday during 9:00 to 12:00, 12:30 to 15:30, 16:00 to 17:00, Wednesday during 9:00 to 11:30, 12:00 to 12:30, 13:00 to 15:00, 16:00 to 17:00, Thursday during 9:00 to 17:00; \n\nFind a time that works for everyone's schedule and constraints. \nSOLUTION: "", 'golden_plan': 'Here is the proposed time: Wednesday, 15:00 - 16:00 ', 'pred_5shot_pro': 'Here is the proposed time: Tuesday, 15:30 - 16:30 \n', 'prompt_0shot': ""You are an expert at scheduling meetings. You are given a few constraints on the existing schedule of each participant, the meeting duration, and possibly some preferences on the meeting time. Note there exists a solution that works with existing schedule of every participant. Here are a few example tasks and solutions:\n\nTASK: You need to schedule a meeting for Dennis and William for one hour between the work hours of 9:00 to 17:00 on either Monday, Tuesday, Wednesday or Thursday. \n\nHere are the existing schedules for everyone during the days: \nDennis is busy on Monday during 9:00 to 9:30, 10:30 to 11:00, 11:30 to 12:30, 13:30 to 14:30, 15:00 to 15:30, Tuesday during 10:00 to 10:30, 11:00 to 12:00, 13:00 to 13:30, 14:00 to 14:30, 16:00 to 16:30, Wednesday during 9:30 to 10:00, 10:30 to 11:00, 13:00 to 13:30, 14:00 to 15:00, 16:30 to 17:00, Thursday during 9:30 to 10:00, 10:30 to 12:00, 13:00 to 14:30, 15:30 to 16:30; \nWilliam is busy on Monday during 9:00 to 17:00, Tuesday during 9:00 to 12:00, 12:30 to 15:30, 16:00 to 17:00, Wednesday during 9:00 to 11:30, 12:00 to 12:30, 13:00 to 15:00, 16:00 to 17:00, Thursday during 9:00 to 17:00; \n\nFind a time that works for everyone's schedule and constraints. \nSOLUTION: ""}",False,3737.0,1499.0,12331.955967903137,0.0047905,cal_pot
calendar_scheduling_example_869,"Here is the proposed time: Wednesday, 09:30 - 10:00","{'num_people': '2', 'num_days': '4', 'duration': '0.5', 'prompt_5shot': ""You are an expert at scheduling meetings. You are given a few constraints on the existing schedule of each participant, the meeting duration, and possibly some preferences on the meeting time. Note there exists a solution that works with existing schedule of every participant. Here are a few example tasks and solutions:\n\nTASK: You need to schedule a meeting for Diane and Austin for half an hour between the work hours of 9:00 to 17:00 on either Monday, Tuesday, Wednesday or Thursday. \n\nHere are the existing schedules for everyone during the days: \nDiane has meetings on Monday during 9:00 to 9:30, 11:00 to 11:30, 13:30 to 14:00, Tuesday during 11:30 to 12:00, 16:30 to 17:00, Wednesday during 12:30 to 13:00, 14:00 to 14:30, Thursday during 9:30 to 10:00, 14:30 to 15:00, 15:30 to 16:00; \nAustin is busy on Monday during 9:00 to 10:00, 10:30 to 17:00, Tuesday during 9:00 to 17:00, Wednesday during 9:00 to 10:00, 11:00 to 16:00, Thursday during 9:00 to 12:00, 12:30 to 17:00; \n\nDiane would rather not meet on Thursday. Austin do not want to meet on Wednesday. Find a time that works for everyone's schedule and constraints. \nSOLUTION: Here is the proposed time: Monday, 10:00 - 10:30 \n\nTASK: You need to schedule a meeting for Henry and Patricia for half an hour between the work hours of 9:00 to 17:00 on either Monday, Tuesday, Wednesday or Thursday. \n\nHere are the existing schedules for everyone during the days: \nHenry is free the entire week.\nPatricia has blocked their calendar on Monday during 10:30 to 11:00, 11:30 to 13:30, 14:30 to 15:00, 15:30 to 16:00, Tuesday during 9:00 to 11:00, 11:30 to 12:00, 12:30 to 13:00, 15:00 to 15:30, 16:00 to 17:00, Wednesday during 9:00 to 11:30, 12:30 to 14:00, 16:00 to 16:30, Thursday during 10:00 to 10:30, 11:00 to 12:30, 14:00 to 15:00, 16:30 to 17:00; \n\nHenry can not meet on Monday. Wednesday. Thursday. Patricia would rather not meet on Tuesday after 12:30. Find a time that works for everyone's schedule and constraints. \nSOLUTION: Here is the proposed time: Tuesday, 12:00 - 12:30 \n\nTASK: You need to schedule a meeting for Charles and Walter for half an hour between the work hours of 9:00 to 17:00 on either Monday, Tuesday, Wednesday or Thursday. \n\nHere are the existing schedules for everyone during the days: \nCharles is busy on Monday during 9:00 to 11:00, 13:00 to 13:30, 16:00 to 16:30, Tuesday during 10:00 to 10:30, 11:30 to 12:00, 12:30 to 14:00, Wednesday during 9:30 to 10:30, 12:00 to 12:30, 13:00 to 14:00, 14:30 to 16:00, 16:30 to 17:00, Thursday during 10:00 to 12:00, 14:30 to 15:30, 16:00 to 17:00; \nWalter has meetings on Monday during 10:00 to 14:00, 14:30 to 15:00, 15:30 to 16:30, Tuesday during 9:00 to 10:00, 10:30 to 13:30, 14:00 to 15:30, 16:00 to 17:00, Wednesday during 10:30 to 11:00, 12:00 to 14:00, 15:30 to 16:00, Thursday during 9:00 to 15:00, 15:30 to 16:00, 16:30 to 17:00; \n\nCharles do not want to meet on Tuesday. Walter can not meet on Monday after 16:30. Wednesday. Find a time that works for everyone's schedule and constraints. \nSOLUTION: Here is the proposed time: Monday, 15:00 - 15:30 \n\nTASK: You need to schedule a meeting for Bryan and Abigail for half an hour between the work hours of 9:00 to 17:00 on either Monday, Tuesday, Wednesday or Thursday. \n\nHere are the existing schedules for everyone during the days: \nBryan is busy on Monday during 9:00 to 10:30, 11:30 to 12:00, 12:30 to 13:30, 15:00 to 15:30, 16:30 to 17:00, Tuesday during 10:30 to 11:00, 13:30 to 14:00, 16:30 to 17:00, Wednesday during 9:30 to 10:00, 12:00 to 13:00, Thursday during 10:30 to 11:00, 11:30 to 13:00, 13:30 to 14:00, 16:30 to 17:00; \nAbigail has meetings on Monday during 9:00 to 9:30, 10:00 to 10:30, 11:00 to 11:30, 12:30 to 13:00, 13:30 to 14:00, 14:30 to 15:00, 15:30 to 17:00, Tuesday during 9:30 to 14:00, 15:00 to 15:30, 16:00 to 16:30, Wednesday during 9:00 to 12:00, 12:30 to 13:00, 13:30 to 14:30, 15:00 to 15:30, 16:00 to 17:00, Thursday during 9:00 to 9:30, 10:00 to 13:30, 14:00 to 17:00; \n\nBryan can not meet on Tuesday. Abigail would like to avoid more meetings on Monday. Wednesday after 13:30. Thursday. Find a time that works for everyone's schedule and constraints. \nSOLUTION: Here is the proposed time: Wednesday, 13:00 - 13:30 \n\nTASK: You need to schedule a meeting for Nicole and Ronald for one hour between the work hours of 9:00 to 17:00 on either Monday, Tuesday, Wednesday or Thursday. \n\nHere are the existing schedules for everyone during the days: \nNicole is busy on Monday during 10:00 to 10:30, 11:30 to 12:00, 13:00 to 13:30, 14:00 to 14:30, 15:00 to 15:30, 16:30 to 17:00, Tuesday during 9:00 to 9:30, 10:30 to 11:30, 12:30 to 13:30, 14:00 to 15:30, 16:00 to 17:00, Wednesday during 9:00 to 9:30, 10:30 to 11:00, 12:30 to 13:30, 16:00 to 16:30, Thursday during 9:00 to 9:30, 11:00 to 12:30, 13:30 to 14:30, 16:30 to 17:00; \nRonald has blocked their calendar on Monday during 9:00 to 15:30, 16:30 to 17:00, Tuesday during 9:00 to 10:00, 11:00 to 11:30, 16:30 to 17:00, Wednesday during 9:00 to 12:00, 13:00 to 13:30, 14:00 to 14:30, 15:00 to 15:30, 16:00 to 17:00, Thursday during 9:00 to 9:30, 11:00 to 12:30, 13:00 to 14:30, 15:00 to 16:00; \n\nThe group would like to meet at their earlist availability.\nFind a time that works for everyone's schedule and constraints. \nSOLUTION: Here is the proposed time: Monday, 15:30 - 16:30 \n\nTASK: You need to schedule a meeting for Philip and Roy for half an hour between the work hours of 9:00 to 17:00 on either Monday, Tuesday, Wednesday or Thursday. \n\nHere are the existing schedules for everyone during the days: \nPhilip is busy on Monday during 10:00 to 10:30, 11:00 to 11:30, 13:30 to 14:30, 15:00 to 17:00, Tuesday during 10:30 to 11:00, 12:30 to 13:30, 14:00 to 15:30, 16:00 to 16:30, Wednesday during 9:00 to 9:30, 10:00 to 11:00, 11:30 to 12:00, 13:30 to 15:00, Thursday during 9:00 to 9:30, 11:30 to 12:00, 14:00 to 15:00, 15:30 to 16:00, 16:30 to 17:00; \nRoy is busy on Monday during 9:00 to 10:30, 11:00 to 14:30, 15:00 to 16:30, Tuesday during 9:00 to 17:00, Wednesday during 10:00 to 10:30, 11:00 to 12:00, 12:30 to 14:00, 14:30 to 16:00, 16:30 to 17:00, Thursday during 9:00 to 12:30, 13:00 to 17:00; \n\nPhilip do not want to meet on Monday. Roy would like to avoid more meetings on Wednesday after 11:00. Thursday. Find a time that works for everyone's schedule and constraints. \nSOLUTION: "", 'golden_plan': 'Here is the proposed time: Wednesday, 9:30 - 10:00 ', 'pred_5shot_pro': 'Here is the proposed time: Wednesday, 10:30 - 11:00 \n', 'prompt_0shot': ""You are an expert at scheduling meetings. You are given a few constraints on the existing schedule of each participant, the meeting duration, and possibly some preferences on the meeting time. Note there exists a solution that works with existing schedule of every participant. Here are a few example tasks and solutions:\n\nTASK: You need to schedule a meeting for Philip and Roy for half an hour between the work hours of 9:00 to 17:00 on either Monday, Tuesday, Wednesday or Thursday. \n\nHere are the existing schedules for everyone during the days: \nPhilip is busy on Monday during 10:00 to 10:30, 11:00 to 11:30, 13:30 to 14:30, 15:00 to 17:00, Tuesday during 10:30 to 11:00, 12:30 to 13:30, 14:00 to 15:30, 16:00 to 16:30, Wednesday during 9:00 to 9:30, 10:00 to 11:00, 11:30 to 12:00, 13:30 to 15:00, Thursday during 9:00 to 9:30, 11:30 to 12:00, 14:00 to 15:00, 15:30 to 16:00, 16:30 to 17:00; \nRoy is busy on Monday during 9:00 to 10:30, 11:00 to 14:30, 15:00 to 16:30, Tuesday during 9:00 to 17:00, Wednesday during 10:00 to 10:30, 11:00 to 12:00, 12:30 to 14:00, 14:30 to 16:00, 16:30 to 17:00, Thursday during 9:00 to 12:30, 13:00 to 17:00; \n\nPhilip do not want to meet on Monday. Roy would like to avoid more meetings on Wednesday after 11:00. Thursday. Find a time that works for everyone's schedule and constraints. \nSOLUTION: ""}",True,3813.0,3059.0,62.400832414627075,0.0074881,cal_pot
calendar_scheduling_example_827,"Here is the proposed time: Tuesday, 12:30 - 13:00","{'num_people': '2', 'num_days': '4', 'duration': '0.5', 'prompt_5shot': ""You are an expert at scheduling meetings. You are given a few constraints on the existing schedule of each participant, the meeting duration, and possibly some preferences on the meeting time. Note there exists a solution that works with existing schedule of every participant. Here are a few example tasks and solutions:\n\nTASK: You need to schedule a meeting for Diane and Austin for half an hour between the work hours of 9:00 to 17:00 on either Monday, Tuesday, Wednesday or Thursday. \n\nHere are the existing schedules for everyone during the days: \nDiane has meetings on Monday during 9:00 to 9:30, 11:00 to 11:30, 13:30 to 14:00, Tuesday during 11:30 to 12:00, 16:30 to 17:00, Wednesday during 12:30 to 13:00, 14:00 to 14:30, Thursday during 9:30 to 10:00, 14:30 to 15:00, 15:30 to 16:00; \nAustin is busy on Monday during 9:00 to 10:00, 10:30 to 17:00, Tuesday during 9:00 to 17:00, Wednesday during 9:00 to 10:00, 11:00 to 16:00, Thursday during 9:00 to 12:00, 12:30 to 17:00; \n\nDiane would rather not meet on Thursday. Austin do not want to meet on Wednesday. Find a time that works for everyone's schedule and constraints. \nSOLUTION: Here is the proposed time: Monday, 10:00 - 10:30 \n\nTASK: You need to schedule a meeting for Henry and Patricia for half an hour between the work hours of 9:00 to 17:00 on either Monday, Tuesday, Wednesday or Thursday. \n\nHere are the existing schedules for everyone during the days: \nHenry is free the entire week.\nPatricia has blocked their calendar on Monday during 10:30 to 11:00, 11:30 to 13:30, 14:30 to 15:00, 15:30 to 16:00, Tuesday during 9:00 to 11:00, 11:30 to 12:00, 12:30 to 13:00, 15:00 to 15:30, 16:00 to 17:00, Wednesday during 9:00 to 11:30, 12:30 to 14:00, 16:00 to 16:30, Thursday during 10:00 to 10:30, 11:00 to 12:30, 14:00 to 15:00, 16:30 to 17:00; \n\nHenry can not meet on Monday. Wednesday. Thursday. Patricia would rather not meet on Tuesday after 12:30. Find a time that works for everyone's schedule and constraints. \nSOLUTION: Here is the proposed time: Tuesday, 12:00 - 12:30 \n\nTASK: You need to schedule a meeting for Charles and Walter for half an hour between the work hours of 9:00 to 17:00 on either Monday, Tuesday, Wednesday or Thursday. \n\nHere are the existing schedules for everyone during the days: \nCharles is busy on Monday during 9:00 to 11:00, 13:00 to 13:30, 16:00 to 16:30, Tuesday during 10:00 to 10:30, 11:30 to 12:00, 12:30 to 14:00, Wednesday during 9:30 to 10:30, 12:00 to 12:30, 13:00 to 14:00, 14:30 to 16:00, 16:30 to 17:00, Thursday during 10:00 to 12:00, 14:30 to 15:30, 16:00 to 17:00; \nWalter has meetings on Monday during 10:00 to 14:00, 14:30 to 15:00, 15:30 to 16:30, Tuesday during 9:00 to 10:00, 10:30 to 13:30, 14:00 to 15:30, 16:00 to 17:00, Wednesday during 10:30 to 11:00, 12:00 to 14:00, 15:30 to 16:00, Thursday during 9:00 to 15:00, 15:30 to 16:00, 16:30 to 17:00; \n\nCharles do not want to meet on Tuesday. Walter can not meet on Monday after 16:30. Wednesday. Find a time that works for everyone's schedule and constraints. \nSOLUTION: Here is the proposed time: Monday, 15:00 - 15:30 \n\nTASK: You need to schedule a meeting for Bryan and Abigail for half an hour between the work hours of 9:00 to 17:00 on either Monday, Tuesday, Wednesday or Thursday. \n\nHere are the existing schedules for everyone during the days: \nBryan is busy on Monday during 9:00 to 10:30, 11:30 to 12:00, 12:30 to 13:30, 15:00 to 15:30, 16:30 to 17:00, Tuesday during 10:30 to 11:00, 13:30 to 14:00, 16:30 to 17:00, Wednesday during 9:30 to 10:00, 12:00 to 13:00, Thursday during 10:30 to 11:00, 11:30 to 13:00, 13:30 to 14:00, 16:30 to 17:00; \nAbigail has meetings on Monday during 9:00 to 9:30, 10:00 to 10:30, 11:00 to 11:30, 12:30 to 13:00, 13:30 to 14:00, 14:30 to 15:00, 15:30 to 17:00, Tuesday during 9:30 to 14:00, 15:00 to 15:30, 16:00 to 16:30, Wednesday during 9:00 to 12:00, 12:30 to 13:00, 13:30 to 14:30, 15:00 to 15:30, 16:00 to 17:00, Thursday during 9:00 to 9:30, 10:00 to 13:30, 14:00 to 17:00; \n\nBryan can not meet on Tuesday. Abigail would like to avoid more meetings on Monday. Wednesday after 13:30. Thursday. Find a time that works for everyone's schedule and constraints. \nSOLUTION: Here is the proposed time: Wednesday, 13:00 - 13:30 \n\nTASK: You need to schedule a meeting for Nicole and Ronald for one hour between the work hours of 9:00 to 17:00 on either Monday, Tuesday, Wednesday or Thursday. \n\nHere are the existing schedules for everyone during the days: \nNicole is busy on Monday during 10:00 to 10:30, 11:30 to 12:00, 13:00 to 13:30, 14:00 to 14:30, 15:00 to 15:30, 16:30 to 17:00, Tuesday during 9:00 to 9:30, 10:30 to 11:30, 12:30 to 13:30, 14:00 to 15:30, 16:00 to 17:00, Wednesday during 9:00 to 9:30, 10:30 to 11:00, 12:30 to 13:30, 16:00 to 16:30, Thursday during 9:00 to 9:30, 11:00 to 12:30, 13:30 to 14:30, 16:30 to 17:00; \nRonald has blocked their calendar on Monday during 9:00 to 15:30, 16:30 to 17:00, Tuesday during 9:00 to 10:00, 11:00 to 11:30, 16:30 to 17:00, Wednesday during 9:00 to 12:00, 13:00 to 13:30, 14:00 to 14:30, 15:00 to 15:30, 16:00 to 17:00, Thursday during 9:00 to 9:30, 11:00 to 12:30, 13:00 to 14:30, 15:00 to 16:00; \n\nThe group would like to meet at their earlist availability.\nFind a time that works for everyone's schedule and constraints. \nSOLUTION: Here is the proposed time: Monday, 15:30 - 16:30 \n\nTASK: You need to schedule a meeting for Angela and Patrick for half an hour between the work hours of 9:00 to 17:00 on either Monday, Tuesday, Wednesday or Thursday. \n\nHere are the existing schedules for everyone during the days: \nAngela has meetings on Monday during 13:30 to 14:00, Tuesday during 9:00 to 9:30, 10:00 to 10:30, Thursday during 15:30 to 16:00; \nPatrick has meetings on Monday during 9:30 to 10:30, 11:00 to 12:30, 13:30 to 14:00, 15:30 to 17:00, Tuesday during 9:00 to 12:30, 13:00 to 14:00, 15:00 to 16:00, 16:30 to 17:00, Wednesday during 9:00 to 11:00, 12:00 to 13:00, 13:30 to 17:00, Thursday during 9:00 to 9:30, 10:00 to 11:00, 11:30 to 12:00, 13:00 to 13:30, 14:00 to 15:00, 15:30 to 17:00; \n\nPatrick can not meet on Monday. The group would like to meet at their earlist availability.\nFind a time that works for everyone's schedule and constraints. \nSOLUTION: "", 'golden_plan': 'Here is the proposed time: Tuesday, 12:30 - 13:00 ', 'pred_5shot_pro': 'Here is the proposed time: Tuesday, 12:30 - 13:00 \n', 'prompt_0shot': ""You are an expert at scheduling meetings. You are given a few constraints on the existing schedule of each participant, the meeting duration, and possibly some preferences on the meeting time. Note there exists a solution that works with existing schedule of every participant. Here are a few example tasks and solutions:\n\nTASK: You need to schedule a meeting for Angela and Patrick for half an hour between the work hours of 9:00 to 17:00 on either Monday, Tuesday, Wednesday or Thursday. \n\nHere are the existing schedules for everyone during the days: \nAngela has meetings on Monday during 13:30 to 14:00, Tuesday during 9:00 to 9:30, 10:00 to 10:30, Thursday during 15:30 to 16:00; \nPatrick has meetings on Monday during 9:30 to 10:30, 11:00 to 12:30, 13:30 to 14:00, 15:30 to 17:00, Tuesday during 9:00 to 12:30, 13:00 to 14:00, 15:00 to 16:00, 16:30 to 17:00, Wednesday during 9:00 to 11:00, 12:00 to 13:00, 13:30 to 17:00, Thursday during 9:00 to 9:30, 10:00 to 11:00, 11:30 to 12:00, 13:00 to 13:30, 14:00 to 15:00, 15:30 to 17:00; \n\nPatrick can not meet on Monday. The group would like to meet at their earlist availability.\nFind a time that works for everyone's schedule and constraints. \nSOLUTION: ""}",True,3770.0,2836.0,76.57726883888245,0.007083200000000001,cal_pot
calendar_scheduling_example_877,"**exception raised**: Code execution failed at line 'slots = find_available_slots(prompt, schedules)' due to: SyntaxError: unterminated string literal (detected at line 25) (<unknown>, line 25)","{'num_people': '2', 'num_days': '4', 'duration': '1', 'prompt_5shot': ""You are an expert at scheduling meetings. You are given a few constraints on the existing schedule of each participant, the meeting duration, and possibly some preferences on the meeting time. Note there exists a solution that works with existing schedule of every participant. Here are a few example tasks and solutions:\n\nTASK: You need to schedule a meeting for Diane and Austin for half an hour between the work hours of 9:00 to 17:00 on either Monday, Tuesday, Wednesday or Thursday. \n\nHere are the existing schedules for everyone during the days: \nDiane has meetings on Monday during 9:00 to 9:30, 11:00 to 11:30, 13:30 to 14:00, Tuesday during 11:30 to 12:00, 16:30 to 17:00, Wednesday during 12:30 to 13:00, 14:00 to 14:30, Thursday during 9:30 to 10:00, 14:30 to 15:00, 15:30 to 16:00; \nAustin is busy on Monday during 9:00 to 10:00, 10:30 to 17:00, Tuesday during 9:00 to 17:00, Wednesday during 9:00 to 10:00, 11:00 to 16:00, Thursday during 9:00 to 12:00, 12:30 to 17:00; \n\nDiane would rather not meet on Thursday. Austin do not want to meet on Wednesday. Find a time that works for everyone's schedule and constraints. \nSOLUTION: Here is the proposed time: Monday, 10:00 - 10:30 \n\nTASK: You need to schedule a meeting for Henry and Patricia for half an hour between the work hours of 9:00 to 17:00 on either Monday, Tuesday, Wednesday or Thursday. \n\nHere are the existing schedules for everyone during the days: \nHenry is free the entire week.\nPatricia has blocked their calendar on Monday during 10:30 to 11:00, 11:30 to 13:30, 14:30 to 15:00, 15:30 to 16:00, Tuesday during 9:00 to 11:00, 11:30 to 12:00, 12:30 to 13:00, 15:00 to 15:30, 16:00 to 17:00, Wednesday during 9:00 to 11:30, 12:30 to 14:00, 16:00 to 16:30, Thursday during 10:00 to 10:30, 11:00 to 12:30, 14:00 to 15:00, 16:30 to 17:00; \n\nHenry can not meet on Monday. Wednesday. Thursday. Patricia would rather not meet on Tuesday after 12:30. Find a time that works for everyone's schedule and constraints. \nSOLUTION: Here is the proposed time: Tuesday, 12:00 - 12:30 \n\nTASK: You need to schedule a meeting for Charles and Walter for half an hour between the work hours of 9:00 to 17:00 on either Monday, Tuesday, Wednesday or Thursday. \n\nHere are the existing schedules for everyone during the days: \nCharles is busy on Monday during 9:00 to 11:00, 13:00 to 13:30, 16:00 to 16:30, Tuesday during 10:00 to 10:30, 11:30 to 12:00, 12:30 to 14:00, Wednesday during 9:30 to 10:30, 12:00 to 12:30, 13:00 to 14:00, 14:30 to 16:00, 16:30 to 17:00, Thursday during 10:00 to 12:00, 14:30 to 15:30, 16:00 to 17:00; \nWalter has meetings on Monday during 10:00 to 14:00, 14:30 to 15:00, 15:30 to 16:30, Tuesday during 9:00 to 10:00, 10:30 to 13:30, 14:00 to 15:30, 16:00 to 17:00, Wednesday during 10:30 to 11:00, 12:00 to 14:00, 15:30 to 16:00, Thursday during 9:00 to 15:00, 15:30 to 16:00, 16:30 to 17:00; \n\nCharles do not want to meet on Tuesday. Walter can not meet on Monday after 16:30. Wednesday. Find a time that works for everyone's schedule and constraints. \nSOLUTION: Here is the proposed time: Monday, 15:00 - 15:30 \n\nTASK: You need to schedule a meeting for Bryan and Abigail for half an hour between the work hours of 9:00 to 17:00 on either Monday, Tuesday, Wednesday or Thursday. \n\nHere are the existing schedules for everyone during the days: \nBryan is busy on Monday during 9:00 to 10:30, 11:30 to 12:00, 12:30 to 13:30, 15:00 to 15:30, 16:30 to 17:00, Tuesday during 10:30 to 11:00, 13:30 to 14:00, 16:30 to 17:00, Wednesday during 9:30 to 10:00, 12:00 to 13:00, Thursday during 10:30 to 11:00, 11:30 to 13:00, 13:30 to 14:00, 16:30 to 17:00; \nAbigail has meetings on Monday during 9:00 to 9:30, 10:00 to 10:30, 11:00 to 11:30, 12:30 to 13:00, 13:30 to 14:00, 14:30 to 15:00, 15:30 to 17:00, Tuesday during 9:30 to 14:00, 15:00 to 15:30, 16:00 to 16:30, Wednesday during 9:00 to 12:00, 12:30 to 13:00, 13:30 to 14:30, 15:00 to 15:30, 16:00 to 17:00, Thursday during 9:00 to 9:30, 10:00 to 13:30, 14:00 to 17:00; \n\nBryan can not meet on Tuesday. Abigail would like to avoid more meetings on Monday. Wednesday after 13:30. Thursday. Find a time that works for everyone's schedule and constraints. \nSOLUTION: Here is the proposed time: Wednesday, 13:00 - 13:30 \n\nTASK: You need to schedule a meeting for Nicole and Ronald for one hour between the work hours of 9:00 to 17:00 on either Monday, Tuesday, Wednesday or Thursday. \n\nHere are the existing schedules for everyone during the days: \nNicole is busy on Monday during 10:00 to 10:30, 11:30 to 12:00, 13:00 to 13:30, 14:00 to 14:30, 15:00 to 15:30, 16:30 to 17:00, Tuesday during 9:00 to 9:30, 10:30 to 11:30, 12:30 to 13:30, 14:00 to 15:30, 16:00 to 17:00, Wednesday during 9:00 to 9:30, 10:30 to 11:00, 12:30 to 13:30, 16:00 to 16:30, Thursday during 9:00 to 9:30, 11:00 to 12:30, 13:30 to 14:30, 16:30 to 17:00; \nRonald has blocked their calendar on Monday during 9:00 to 15:30, 16:30 to 17:00, Tuesday during 9:00 to 10:00, 11:00 to 11:30, 16:30 to 17:00, Wednesday during 9:00 to 12:00, 13:00 to 13:30, 14:00 to 14:30, 15:00 to 15:30, 16:00 to 17:00, Thursday during 9:00 to 9:30, 11:00 to 12:30, 13:00 to 14:30, 15:00 to 16:00; \n\nThe group would like to meet at their earlist availability.\nFind a time that works for everyone's schedule and constraints. \nSOLUTION: Here is the proposed time: Monday, 15:30 - 16:30 \n\nTASK: You need to schedule a meeting for Daniel and Dorothy for one hour between the work hours of 9:00 to 17:00 on either Monday, Tuesday, Wednesday or Thursday. \n\nHere are the existing schedules for everyone during the days: \nDaniel is busy on Monday during 9:00 to 9:30, 10:00 to 10:30, 11:00 to 11:30, 16:30 to 17:00, Tuesday during 10:00 to 10:30, 13:30 to 14:30, Wednesday during 10:30 to 11:00, 12:30 to 13:00, 14:00 to 14:30, Thursday during 9:00 to 9:30, 10:00 to 11:30, 12:30 to 13:30, 14:00 to 16:00; \nDorothy has blocked their calendar on Monday during 9:00 to 10:00, 10:30 to 12:30, 13:00 to 13:30, 14:00 to 15:00, 15:30 to 16:30, Tuesday during 9:30 to 10:00, 11:00 to 12:30, 15:30 to 17:00, Wednesday during 9:00 to 9:30, 10:00 to 10:30, 11:00 to 11:30, 12:00 to 13:00, 14:00 to 15:30, 16:00 to 17:00, Thursday during 9:00 to 9:30, 10:00 to 10:30, 11:00 to 12:30, 13:00 to 16:00, 16:30 to 17:00; \n\nDaniel would rather not meet on Wednesday. Dorothy can not meet on Tuesday before 14:30. Find a time that works for everyone's schedule and constraints. \nSOLUTION: "", 'golden_plan': 'Here is the proposed time: Tuesday, 14:30 - 15:30 ', 'pred_5shot_pro': ""Here is the proposed time: **Tuesday, 14:30 - 15:30**\n\n**Explanation:**\n\n1. **Eliminate unavailable days:** Daniel prefers not to meet on Wednesday, and Dorothy can't meet before 14:30 on Tuesday.  This eliminates Wednesday entirely and the morning/early afternoon on Tuesday. \n\n2. **Check remaining slots:**\n    * **Monday:**  Both have numerous conflicts throughout the day, making a 1-hour slot impossible.\n    * **Thursday:**  Both have numerous conflicts, especially in the afternoon, making a 1-hour slot impossible.\n    * **Tuesday Afternoon:** The only remaining option. Looking at their schedules, the only 1-hour slot available for both is 14:30 - 15:30.\n\nTherefore, Tuesday at 14:30 is the only viable solution that meets all constraints. \n"", 'prompt_0shot': ""You are an expert at scheduling meetings. You are given a few constraints on the existing schedule of each participant, the meeting duration, and possibly some preferences on the meeting time. Note there exists a solution that works with existing schedule of every participant. Here are a few example tasks and solutions:\n\nTASK: You need to schedule a meeting for Daniel and Dorothy for one hour between the work hours of 9:00 to 17:00 on either Monday, Tuesday, Wednesday or Thursday. \n\nHere are the existing schedules for everyone during the days: \nDaniel is busy on Monday during 9:00 to 9:30, 10:00 to 10:30, 11:00 to 11:30, 16:30 to 17:00, Tuesday during 10:00 to 10:30, 13:30 to 14:30, Wednesday during 10:30 to 11:00, 12:30 to 13:00, 14:00 to 14:30, Thursday during 9:00 to 9:30, 10:00 to 11:30, 12:30 to 13:30, 14:00 to 16:00; \nDorothy has blocked their calendar on Monday during 9:00 to 10:00, 10:30 to 12:30, 13:00 to 13:30, 14:00 to 15:00, 15:30 to 16:30, Tuesday during 9:30 to 10:00, 11:00 to 12:30, 15:30 to 17:00, Wednesday during 9:00 to 9:30, 10:00 to 10:30, 11:00 to 11:30, 12:00 to 13:00, 14:00 to 15:30, 16:00 to 17:00, Thursday during 9:00 to 9:30, 10:00 to 10:30, 11:00 to 12:30, 13:00 to 16:00, 16:30 to 17:00; \n\nDaniel would rather not meet on Wednesday. Dorothy can not meet on Tuesday before 14:30. Find a time that works for everyone's schedule and constraints. \nSOLUTION: ""}",False,3616.0,3613.0,76.79461884498596,0.0083117,cal_pot
calendar_scheduling_example_811,"**exception raised**: Code execution failed at line 'available_slots = find_available_slots(prompt, schedules_dict)' due to: IndentationError: unexpected indent (<unknown>, line 2)","{'num_people': '2', 'num_days': '4', 'duration': '0.5', 'prompt_5shot': ""You are an expert at scheduling meetings. You are given a few constraints on the existing schedule of each participant, the meeting duration, and possibly some preferences on the meeting time. Note there exists a solution that works with existing schedule of every participant. Here are a few example tasks and solutions:\n\nTASK: You need to schedule a meeting for Diane and Austin for half an hour between the work hours of 9:00 to 17:00 on either Monday, Tuesday, Wednesday or Thursday. \n\nHere are the existing schedules for everyone during the days: \nDiane has meetings on Monday during 9:00 to 9:30, 11:00 to 11:30, 13:30 to 14:00, Tuesday during 11:30 to 12:00, 16:30 to 17:00, Wednesday during 12:30 to 13:00, 14:00 to 14:30, Thursday during 9:30 to 10:00, 14:30 to 15:00, 15:30 to 16:00; \nAustin is busy on Monday during 9:00 to 10:00, 10:30 to 17:00, Tuesday during 9:00 to 17:00, Wednesday during 9:00 to 10:00, 11:00 to 16:00, Thursday during 9:00 to 12:00, 12:30 to 17:00; \n\nDiane would rather not meet on Thursday. Austin do not want to meet on Wednesday. Find a time that works for everyone's schedule and constraints. \nSOLUTION: Here is the proposed time: Monday, 10:00 - 10:30 \n\nTASK: You need to schedule a meeting for Henry and Patricia for half an hour between the work hours of 9:00 to 17:00 on either Monday, Tuesday, Wednesday or Thursday. \n\nHere are the existing schedules for everyone during the days: \nHenry is free the entire week.\nPatricia has blocked their calendar on Monday during 10:30 to 11:00, 11:30 to 13:30, 14:30 to 15:00, 15:30 to 16:00, Tuesday during 9:00 to 11:00, 11:30 to 12:00, 12:30 to 13:00, 15:00 to 15:30, 16:00 to 17:00, Wednesday during 9:00 to 11:30, 12:30 to 14:00, 16:00 to 16:30, Thursday during 10:00 to 10:30, 11:00 to 12:30, 14:00 to 15:00, 16:30 to 17:00; \n\nHenry can not meet on Monday. Wednesday. Thursday. Patricia would rather not meet on Tuesday after 12:30. Find a time that works for everyone's schedule and constraints. \nSOLUTION: Here is the proposed time: Tuesday, 12:00 - 12:30 \n\nTASK: You need to schedule a meeting for Charles and Walter for half an hour between the work hours of 9:00 to 17:00 on either Monday, Tuesday, Wednesday or Thursday. \n\nHere are the existing schedules for everyone during the days: \nCharles is busy on Monday during 9:00 to 11:00, 13:00 to 13:30, 16:00 to 16:30, Tuesday during 10:00 to 10:30, 11:30 to 12:00, 12:30 to 14:00, Wednesday during 9:30 to 10:30, 12:00 to 12:30, 13:00 to 14:00, 14:30 to 16:00, 16:30 to 17:00, Thursday during 10:00 to 12:00, 14:30 to 15:30, 16:00 to 17:00; \nWalter has meetings on Monday during 10:00 to 14:00, 14:30 to 15:00, 15:30 to 16:30, Tuesday during 9:00 to 10:00, 10:30 to 13:30, 14:00 to 15:30, 16:00 to 17:00, Wednesday during 10:30 to 11:00, 12:00 to 14:00, 15:30 to 16:00, Thursday during 9:00 to 15:00, 15:30 to 16:00, 16:30 to 17:00; \n\nCharles do not want to meet on Tuesday. Walter can not meet on Monday after 16:30. Wednesday. Find a time that works for everyone's schedule and constraints. \nSOLUTION: Here is the proposed time: Monday, 15:00 - 15:30 \n\nTASK: You need to schedule a meeting for Bryan and Abigail for half an hour between the work hours of 9:00 to 17:00 on either Monday, Tuesday, Wednesday or Thursday. \n\nHere are the existing schedules for everyone during the days: \nBryan is busy on Monday during 9:00 to 10:30, 11:30 to 12:00, 12:30 to 13:30, 15:00 to 15:30, 16:30 to 17:00, Tuesday during 10:30 to 11:00, 13:30 to 14:00, 16:30 to 17:00, Wednesday during 9:30 to 10:00, 12:00 to 13:00, Thursday during 10:30 to 11:00, 11:30 to 13:00, 13:30 to 14:00, 16:30 to 17:00; \nAbigail has meetings on Monday during 9:00 to 9:30, 10:00 to 10:30, 11:00 to 11:30, 12:30 to 13:00, 13:30 to 14:00, 14:30 to 15:00, 15:30 to 17:00, Tuesday during 9:30 to 14:00, 15:00 to 15:30, 16:00 to 16:30, Wednesday during 9:00 to 12:00, 12:30 to 13:00, 13:30 to 14:30, 15:00 to 15:30, 16:00 to 17:00, Thursday during 9:00 to 9:30, 10:00 to 13:30, 14:00 to 17:00; \n\nBryan can not meet on Tuesday. Abigail would like to avoid more meetings on Monday. Wednesday after 13:30. Thursday. Find a time that works for everyone's schedule and constraints. \nSOLUTION: Here is the proposed time: Wednesday, 13:00 - 13:30 \n\nTASK: You need to schedule a meeting for Nicole and Ronald for one hour between the work hours of 9:00 to 17:00 on either Monday, Tuesday, Wednesday or Thursday. \n\nHere are the existing schedules for everyone during the days: \nNicole is busy on Monday during 10:00 to 10:30, 11:30 to 12:00, 13:00 to 13:30, 14:00 to 14:30, 15:00 to 15:30, 16:30 to 17:00, Tuesday during 9:00 to 9:30, 10:30 to 11:30, 12:30 to 13:30, 14:00 to 15:30, 16:00 to 17:00, Wednesday during 9:00 to 9:30, 10:30 to 11:00, 12:30 to 13:30, 16:00 to 16:30, Thursday during 9:00 to 9:30, 11:00 to 12:30, 13:30 to 14:30, 16:30 to 17:00; \nRonald has blocked their calendar on Monday during 9:00 to 15:30, 16:30 to 17:00, Tuesday during 9:00 to 10:00, 11:00 to 11:30, 16:30 to 17:00, Wednesday during 9:00 to 12:00, 13:00 to 13:30, 14:00 to 14:30, 15:00 to 15:30, 16:00 to 17:00, Thursday during 9:00 to 9:30, 11:00 to 12:30, 13:00 to 14:30, 15:00 to 16:00; \n\nThe group would like to meet at their earlist availability.\nFind a time that works for everyone's schedule and constraints. \nSOLUTION: Here is the proposed time: Monday, 15:30 - 16:30 \n\nTASK: You need to schedule a meeting for Theresa and Emily for half an hour between the work hours of 9:00 to 17:00 on either Monday, Tuesday, Wednesday or Thursday. \n\nHere are the existing schedules for everyone during the days: \nTheresa has blocked their calendar on Monday during 9:30 to 10:30, 13:00 to 13:30, Tuesday during 10:00 to 10:30, Wednesday during 12:00 to 12:30, 14:30 to 15:00, Thursday during 11:00 to 12:00, 12:30 to 13:30; \nEmily has blocked their calendar on Monday during 9:00 to 10:00, 11:00 to 12:30, 13:30 to 14:00, 15:00 to 15:30, Tuesday during 10:00 to 11:00, 14:00 to 14:30, 15:00 to 15:30, 16:00 to 16:30, Wednesday during 9:00 to 10:00, 11:00 to 15:00, 15:30 to 17:00, Thursday during 9:00 to 11:00, 14:30 to 16:00; \n\nTheresa can not meet on Thursday. Emily can not meet on Monday. Tuesday. The group would like to meet at their earlist availability.\nFind a time that works for everyone's schedule and constraints. \nSOLUTION: "", 'golden_plan': 'Here is the proposed time: Wednesday, 10:00 - 10:30 ', 'pred_5shot_pro': 'Here is the proposed time: Wednesday, 10:00 - 10:30 \n', 'prompt_0shot': ""You are an expert at scheduling meetings. You are given a few constraints on the existing schedule of each participant, the meeting duration, and possibly some preferences on the meeting time. Note there exists a solution that works with existing schedule of every participant. Here are a few example tasks and solutions:\n\nTASK: You need to schedule a meeting for Theresa and Emily for half an hour between the work hours of 9:00 to 17:00 on either Monday, Tuesday, Wednesday or Thursday. \n\nHere are the existing schedules for everyone during the days: \nTheresa has blocked their calendar on Monday during 9:30 to 10:30, 13:00 to 13:30, Tuesday during 10:00 to 10:30, Wednesday during 12:00 to 12:30, 14:30 to 15:00, Thursday during 11:00 to 12:00, 12:30 to 13:30; \nEmily has blocked their calendar on Monday during 9:00 to 10:00, 11:00 to 12:30, 13:30 to 14:00, 15:00 to 15:30, Tuesday during 10:00 to 11:00, 14:00 to 14:30, 15:00 to 15:30, 16:00 to 16:30, Wednesday during 9:00 to 10:00, 11:00 to 15:00, 15:30 to 17:00, Thursday during 9:00 to 11:00, 14:30 to 16:00; \n\nTheresa can not meet on Thursday. Emily can not meet on Monday. Tuesday. The group would like to meet at their earlist availability.\nFind a time that works for everyone's schedule and constraints. \nSOLUTION: ""}",False,3174.0,3001.0,54.582353830337524,0.0070061,cal_pot
calendar_scheduling_example_976,"Here is the proposed time: Thursday, 11:30 - 12:30","{'num_people': '2', 'num_days': '5', 'duration': '1', 'prompt_5shot': ""You are an expert at scheduling meetings. You are given a few constraints on the existing schedule of each participant, the meeting duration, and possibly some preferences on the meeting time. Note there exists a solution that works with existing schedule of every participant. Here are a few example tasks and solutions:\n\nTASK: You need to schedule a meeting for David and Dorothy for half an hour between the work hours of 9:00 to 17:00 on either Monday, Tuesday, Wednesday, Thursday or Friday. \n\nHere are the existing schedules for everyone during the days: \nDavid is busy on Monday during 9:30 to 10:00, 10:30 to 11:30, 12:30 to 13:30, 14:30 to 15:30, Tuesday during 11:30 to 12:00, 15:00 to 15:30, 16:00 to 16:30, Wednesday during 9:30 to 10:30, 11:00 to 11:30, 14:00 to 14:30, 15:00 to 15:30, Thursday during 10:00 to 11:30, 12:00 to 14:30, 15:00 to 16:00, 16:30 to 17:00, Friday during 9:00 to 9:30, 16:00 to 16:30; \nDorothy has blocked their calendar on Monday during 9:00 to 11:30, 12:30 to 13:00, 13:30 to 17:00, Tuesday during 10:00 to 10:30, 11:00 to 11:30, 13:00 to 14:00, 14:30 to 16:00, 16:30 to 17:00, Wednesday during 9:00 to 13:00, 13:30 to 17:00, Thursday during 9:00 to 10:30, 11:00 to 12:30, 14:00 to 14:30, 15:00 to 16:30, Friday during 10:00 to 11:00, 12:00 to 12:30, 14:30 to 17:00; \n\nDavid do not want to meet on Thursday. Dorothy would like to avoid more meetings on Monday. Friday. The group would like to meet at their earlist availability.\nFind a time that works for everyone's schedule and constraints. \nSOLUTION: Here is the proposed time: Tuesday, 9:00 - 9:30 \n\nTASK: You need to schedule a meeting for Elizabeth and Vincent for half an hour between the work hours of 9:00 to 17:00 on either Monday, Tuesday, Wednesday, Thursday or Friday. \n\nHere are the existing schedules for everyone during the days: \nElizabeth is busy on Monday during 9:30 to 10:00, 10:30 to 14:00, 14:30 to 15:00, 16:00 to 16:30, Tuesday during 12:00 to 13:00, Wednesday during 10:00 to 10:30, 11:00 to 11:30, 12:00 to 12:30, 14:30 to 16:00, Thursday during 10:00 to 11:00, 11:30 to 12:30, 15:00 to 15:30, Friday during 9:30 to 10:30, 11:30 to 12:00, 12:30 to 13:00, 14:30 to 16:00; \nVincent has blocked their calendar on Monday during 9:00 to 12:00, 12:30 to 17:00, Tuesday during 9:00 to 11:00, 11:30 to 12:00, 12:30 to 15:00, 15:30 to 17:00, Wednesday during 9:00 to 15:30, 16:00 to 17:00, Thursday during 9:00 to 10:30, 11:00 to 13:00, 14:00 to 17:00, Friday during 9:00 to 17:00; \n\nYou would like to schedule the meeting at their earlist availability.\nFind a time that works for everyone's schedule and constraints. \nSOLUTION: Here is the proposed time: Tuesday, 11:00 - 11:30 \n\nTASK: You need to schedule a meeting for Bobby and Peter for half an hour between the work hours of 9:00 to 17:00 on either Monday, Tuesday, Wednesday, Thursday or Friday. \n\nHere are the existing schedules for everyone during the days: \nBobby is busy on Monday during 11:30 to 12:00, 13:00 to 13:30, 15:00 to 15:30, 16:00 to 16:30, Tuesday during 10:30 to 11:00, 12:30 to 13:30, 14:30 to 15:00, 16:30 to 17:00, Wednesday during 12:00 to 13:00, 15:00 to 15:30, Thursday during 10:00 to 10:30, 11:30 to 12:00, 13:30 to 14:00, Friday during 14:30 to 15:00; \nPeter is busy on Monday during 9:00 to 13:00, 13:30 to 17:00, Tuesday during 9:00 to 14:30, 15:30 to 17:00, Wednesday during 9:00 to 17:00, Thursday during 9:00 to 11:00, 11:30 to 12:30, 13:00 to 17:00, Friday during 9:00 to 12:30, 13:00 to 15:00, 15:30 to 16:30; \n\nBobby would like to avoid more meetings on Friday. Peter would rather not meet on Thursday. Find a time that works for everyone's schedule and constraints. \nSOLUTION: Here is the proposed time: Tuesday, 15:00 - 15:30 \n\nTASK: You need to schedule a meeting for Jacqueline and Joshua for one hour between the work hours of 9:00 to 17:00 on either Monday, Tuesday, Wednesday, Thursday or Friday. \n\nHere are the existing schedules for everyone during the days: \nJacqueline has blocked their calendar on Monday during 12:30 to 13:00, Wednesday during 9:30 to 10:00, 11:30 to 12:00, 13:00 to 14:00, 16:00 to 16:30, Thursday during 9:00 to 9:30, 11:30 to 12:00, 12:30 to 13:00, Friday during 10:00 to 11:30; \nJoshua has blocked their calendar on Monday during 9:30 to 10:00, 11:00 to 11:30, 12:00 to 12:30, 14:00 to 14:30, 16:00 to 17:00, Tuesday during 13:00 to 16:00, Wednesday during 9:00 to 13:00, 13:30 to 14:00, 14:30 to 15:30, 16:00 to 17:00, Thursday during 9:00 to 15:00, 15:30 to 17:00, Friday during 9:00 to 10:00, 11:00 to 12:00, 12:30 to 16:30; \n\nJoshua can not meet on Monday before 14:00. Tuesday. Find a time that works for everyone's schedule and constraints. \nSOLUTION: Here is the proposed time: Monday, 14:30 - 15:30 \n\nTASK: You need to schedule a meeting for Donald and Joshua for one hour between the work hours of 9:00 to 17:00 on either Monday, Tuesday, Wednesday, Thursday or Friday. \n\nHere are the existing schedules for everyone during the days: \nDonald has blocked their calendar on Monday during 9:00 to 9:30, 15:00 to 15:30, Tuesday during 10:00 to 11:00, 15:30 to 16:30, Wednesday during 10:00 to 10:30, 11:30 to 12:00, 15:00 to 15:30, Thursday during 9:00 to 9:30, 11:00 to 11:30, 12:30 to 13:00, Friday during 11:00 to 11:30, 14:30 to 15:00; \nJoshua has blocked their calendar on Monday during 9:00 to 11:30, 12:00 to 14:00, 14:30 to 15:00, 15:30 to 17:00, Tuesday during 9:00 to 12:30, 13:00 to 13:30, 14:00 to 16:30, Wednesday during 9:00 to 9:30, 10:30 to 11:00, 11:30 to 13:00, 13:30 to 14:00, 15:00 to 16:00, 16:30 to 17:00, Thursday during 9:00 to 16:30, Friday during 9:00 to 17:00; \n\nFind a time that works for everyone's schedule and constraints. \nSOLUTION: Here is the proposed time: Wednesday, 14:00 - 15:00 \n\nTASK: You need to schedule a meeting for Michael and Justin for one hour between the work hours of 9:00 to 17:00 on either Monday, Tuesday, Wednesday, Thursday or Friday. \n\nHere are the existing schedules for everyone during the days: \nMichael is busy on Monday during 16:30 to 17:00, Tuesday during 10:00 to 10:30, 11:30 to 12:00, 13:30 to 14:00, 15:30 to 16:00, Wednesday during 10:30 to 11:00, 11:30 to 12:00, Thursday during 10:00 to 11:30; \nJustin is busy on Monday during 9:00 to 11:00, 11:30 to 13:00, 14:00 to 14:30, 15:30 to 16:00, 16:30 to 17:00, Tuesday during 9:00 to 17:00, Wednesday during 10:30 to 11:00, 12:30 to 14:30, 15:00 to 15:30, 16:30 to 17:00, Thursday during 9:00 to 10:00, 12:30 to 13:00, 14:30 to 15:00, 16:00 to 17:00, Friday during 9:00 to 10:30, 11:00 to 11:30, 12:00 to 14:30, 15:00 to 17:00; \n\nMichael can not meet on Wednesday before 10:30. Thursday. Justin do not want to meet on Monday. Find a time that works for everyone's schedule and constraints. \nSOLUTION: "", 'golden_plan': 'Here is the proposed time: Wednesday, 15:30 - 16:30 ', 'pred_5shot_pro': 'Here is the proposed time: Wednesday, 14:30 - 15:30 \n', 'prompt_0shot': ""You are an expert at scheduling meetings. You are given a few constraints on the existing schedule of each participant, the meeting duration, and possibly some preferences on the meeting time. Note there exists a solution that works with existing schedule of every participant. Here are a few example tasks and solutions:\n\nTASK: You need to schedule a meeting for Michael and Justin for one hour between the work hours of 9:00 to 17:00 on either Monday, Tuesday, Wednesday, Thursday or Friday. \n\nHere are the existing schedules for everyone during the days: \nMichael is busy on Monday during 16:30 to 17:00, Tuesday during 10:00 to 10:30, 11:30 to 12:00, 13:30 to 14:00, 15:30 to 16:00, Wednesday during 10:30 to 11:00, 11:30 to 12:00, Thursday during 10:00 to 11:30; \nJustin is busy on Monday during 9:00 to 11:00, 11:30 to 13:00, 14:00 to 14:30, 15:30 to 16:00, 16:30 to 17:00, Tuesday during 9:00 to 17:00, Wednesday during 10:30 to 11:00, 12:30 to 14:30, 15:00 to 15:30, 16:30 to 17:00, Thursday during 9:00 to 10:00, 12:30 to 13:00, 14:30 to 15:00, 16:00 to 17:00, Friday during 9:00 to 10:30, 11:00 to 11:30, 12:00 to 14:30, 15:00 to 17:00; \n\nMichael can not meet on Wednesday before 10:30. Thursday. Justin do not want to meet on Monday. Find a time that works for everyone's schedule and constraints. \nSOLUTION: ""}",False,3768.0,2055.0,57.016061305999756,0.0057543,cal_pot
calendar_scheduling_example_923,"**exception raised**: Code execution failed at line 'available_slots = find_available_slots(prompt, schedules_dict)' due to: SyntaxError: unterminated string literal (detected at line 45) (<unknown>, line 45)","{'num_people': '2', 'num_days': '5', 'duration': '0.5', 'prompt_5shot': ""You are an expert at scheduling meetings. You are given a few constraints on the existing schedule of each participant, the meeting duration, and possibly some preferences on the meeting time. Note there exists a solution that works with existing schedule of every participant. Here are a few example tasks and solutions:\n\nTASK: You need to schedule a meeting for David and Dorothy for half an hour between the work hours of 9:00 to 17:00 on either Monday, Tuesday, Wednesday, Thursday or Friday. \n\nHere are the existing schedules for everyone during the days: \nDavid is busy on Monday during 9:30 to 10:00, 10:30 to 11:30, 12:30 to 13:30, 14:30 to 15:30, Tuesday during 11:30 to 12:00, 15:00 to 15:30, 16:00 to 16:30, Wednesday during 9:30 to 10:30, 11:00 to 11:30, 14:00 to 14:30, 15:00 to 15:30, Thursday during 10:00 to 11:30, 12:00 to 14:30, 15:00 to 16:00, 16:30 to 17:00, Friday during 9:00 to 9:30, 16:00 to 16:30; \nDorothy has blocked their calendar on Monday during 9:00 to 11:30, 12:30 to 13:00, 13:30 to 17:00, Tuesday during 10:00 to 10:30, 11:00 to 11:30, 13:00 to 14:00, 14:30 to 16:00, 16:30 to 17:00, Wednesday during 9:00 to 13:00, 13:30 to 17:00, Thursday during 9:00 to 10:30, 11:00 to 12:30, 14:00 to 14:30, 15:00 to 16:30, Friday during 10:00 to 11:00, 12:00 to 12:30, 14:30 to 17:00; \n\nDavid do not want to meet on Thursday. Dorothy would like to avoid more meetings on Monday. Friday. The group would like to meet at their earlist availability.\nFind a time that works for everyone's schedule and constraints. \nSOLUTION: Here is the proposed time: Tuesday, 9:00 - 9:30 \n\nTASK: You need to schedule a meeting for Elizabeth and Vincent for half an hour between the work hours of 9:00 to 17:00 on either Monday, Tuesday, Wednesday, Thursday or Friday. \n\nHere are the existing schedules for everyone during the days: \nElizabeth is busy on Monday during 9:30 to 10:00, 10:30 to 14:00, 14:30 to 15:00, 16:00 to 16:30, Tuesday during 12:00 to 13:00, Wednesday during 10:00 to 10:30, 11:00 to 11:30, 12:00 to 12:30, 14:30 to 16:00, Thursday during 10:00 to 11:00, 11:30 to 12:30, 15:00 to 15:30, Friday during 9:30 to 10:30, 11:30 to 12:00, 12:30 to 13:00, 14:30 to 16:00; \nVincent has blocked their calendar on Monday during 9:00 to 12:00, 12:30 to 17:00, Tuesday during 9:00 to 11:00, 11:30 to 12:00, 12:30 to 15:00, 15:30 to 17:00, Wednesday during 9:00 to 15:30, 16:00 to 17:00, Thursday during 9:00 to 10:30, 11:00 to 13:00, 14:00 to 17:00, Friday during 9:00 to 17:00; \n\nYou would like to schedule the meeting at their earlist availability.\nFind a time that works for everyone's schedule and constraints. \nSOLUTION: Here is the proposed time: Tuesday, 11:00 - 11:30 \n\nTASK: You need to schedule a meeting for Bobby and Peter for half an hour between the work hours of 9:00 to 17:00 on either Monday, Tuesday, Wednesday, Thursday or Friday. \n\nHere are the existing schedules for everyone during the days: \nBobby is busy on Monday during 11:30 to 12:00, 13:00 to 13:30, 15:00 to 15:30, 16:00 to 16:30, Tuesday during 10:30 to 11:00, 12:30 to 13:30, 14:30 to 15:00, 16:30 to 17:00, Wednesday during 12:00 to 13:00, 15:00 to 15:30, Thursday during 10:00 to 10:30, 11:30 to 12:00, 13:30 to 14:00, Friday during 14:30 to 15:00; \nPeter is busy on Monday during 9:00 to 13:00, 13:30 to 17:00, Tuesday during 9:00 to 14:30, 15:30 to 17:00, Wednesday during 9:00 to 17:00, Thursday during 9:00 to 11:00, 11:30 to 12:30, 13:00 to 17:00, Friday during 9:00 to 12:30, 13:00 to 15:00, 15:30 to 16:30; \n\nBobby would like to avoid more meetings on Friday. Peter would rather not meet on Thursday. Find a time that works for everyone's schedule and constraints. \nSOLUTION: Here is the proposed time: Tuesday, 15:00 - 15:30 \n\nTASK: You need to schedule a meeting for Jacqueline and Joshua for one hour between the work hours of 9:00 to 17:00 on either Monday, Tuesday, Wednesday, Thursday or Friday. \n\nHere are the existing schedules for everyone during the days: \nJacqueline has blocked their calendar on Monday during 12:30 to 13:00, Wednesday during 9:30 to 10:00, 11:30 to 12:00, 13:00 to 14:00, 16:00 to 16:30, Thursday during 9:00 to 9:30, 11:30 to 12:00, 12:30 to 13:00, Friday during 10:00 to 11:30; \nJoshua has blocked their calendar on Monday during 9:30 to 10:00, 11:00 to 11:30, 12:00 to 12:30, 14:00 to 14:30, 16:00 to 17:00, Tuesday during 13:00 to 16:00, Wednesday during 9:00 to 13:00, 13:30 to 14:00, 14:30 to 15:30, 16:00 to 17:00, Thursday during 9:00 to 15:00, 15:30 to 17:00, Friday during 9:00 to 10:00, 11:00 to 12:00, 12:30 to 16:30; \n\nJoshua can not meet on Monday before 14:00. Tuesday. Find a time that works for everyone's schedule and constraints. \nSOLUTION: Here is the proposed time: Monday, 14:30 - 15:30 \n\nTASK: You need to schedule a meeting for Donald and Joshua for one hour between the work hours of 9:00 to 17:00 on either Monday, Tuesday, Wednesday, Thursday or Friday. \n\nHere are the existing schedules for everyone during the days: \nDonald has blocked their calendar on Monday during 9:00 to 9:30, 15:00 to 15:30, Tuesday during 10:00 to 11:00, 15:30 to 16:30, Wednesday during 10:00 to 10:30, 11:30 to 12:00, 15:00 to 15:30, Thursday during 9:00 to 9:30, 11:00 to 11:30, 12:30 to 13:00, Friday during 11:00 to 11:30, 14:30 to 15:00; \nJoshua has blocked their calendar on Monday during 9:00 to 11:30, 12:00 to 14:00, 14:30 to 15:00, 15:30 to 17:00, Tuesday during 9:00 to 12:30, 13:00 to 13:30, 14:00 to 16:30, Wednesday during 9:00 to 9:30, 10:30 to 11:00, 11:30 to 13:00, 13:30 to 14:00, 15:00 to 16:00, 16:30 to 17:00, Thursday during 9:00 to 16:30, Friday during 9:00 to 17:00; \n\nFind a time that works for everyone's schedule and constraints. \nSOLUTION: Here is the proposed time: Wednesday, 14:00 - 15:00 \n\nTASK: You need to schedule a meeting for Kyle and Sharon for half an hour between the work hours of 9:00 to 17:00 on either Monday, Tuesday, Wednesday, Thursday or Friday. \n\nHere are the existing schedules for everyone during the days: \nKyle has meetings on Monday during 10:30 to 11:00, Tuesday during 10:00 to 11:00, 12:00 to 12:30, 13:30 to 14:00, Wednesday during 10:00 to 10:30, 12:00 to 12:30, 13:30 to 14:00, Thursday during 14:30 to 15:00, Friday during 10:00 to 10:30, 13:00 to 13:30, 16:30 to 17:00; \nSharon has blocked their calendar on Monday during 9:00 to 9:30, 10:30 to 11:00, 11:30 to 12:00, 12:30 to 14:30, 15:00 to 15:30, Tuesday during 9:00 to 10:00, 10:30 to 11:00, 11:30 to 13:00, 13:30 to 14:00, 14:30 to 15:00, 16:30 to 17:00, Wednesday during 9:00 to 11:30, 12:00 to 14:30, 15:00 to 17:00, Thursday during 9:30 to 15:30, 16:00 to 17:00, Friday during 9:00 to 10:00, 10:30 to 11:30, 12:30 to 13:00, 13:30 to 14:30, 15:00 to 17:00; \n\nThe group would like to meet at their earlist availability.\nFind a time that works for everyone's schedule and constraints. \nSOLUTION: "", 'golden_plan': 'Here is the proposed time: Monday, 9:30 - 10:00 ', 'pred_5shot_pro': 'Here is the proposed time: Monday, 14:30 - 15:00 \n', 'prompt_0shot': ""You are an expert at scheduling meetings. You are given a few constraints on the existing schedule of each participant, the meeting duration, and possibly some preferences on the meeting time. Note there exists a solution that works with existing schedule of every participant. Here are a few example tasks and solutions:\n\nTASK: You need to schedule a meeting for Kyle and Sharon for half an hour between the work hours of 9:00 to 17:00 on either Monday, Tuesday, Wednesday, Thursday or Friday. \n\nHere are the existing schedules for everyone during the days: \nKyle has meetings on Monday during 10:30 to 11:00, Tuesday during 10:00 to 11:00, 12:00 to 12:30, 13:30 to 14:00, Wednesday during 10:00 to 10:30, 12:00 to 12:30, 13:30 to 14:00, Thursday during 14:30 to 15:00, Friday during 10:00 to 10:30, 13:00 to 13:30, 16:30 to 17:00; \nSharon has blocked their calendar on Monday during 9:00 to 9:30, 10:30 to 11:00, 11:30 to 12:00, 12:30 to 14:30, 15:00 to 15:30, Tuesday during 9:00 to 10:00, 10:30 to 11:00, 11:30 to 13:00, 13:30 to 14:00, 14:30 to 15:00, 16:30 to 17:00, Wednesday during 9:00 to 11:30, 12:00 to 14:30, 15:00 to 17:00, Thursday during 9:30 to 15:30, 16:00 to 17:00, Friday during 9:00 to 10:00, 10:30 to 11:30, 12:30 to 13:00, 13:30 to 14:30, 15:00 to 17:00; \n\nThe group would like to meet at their earlist availability.\nFind a time that works for everyone's schedule and constraints. \nSOLUTION: ""}",False,3633.0,3196.0,100.87725710868835,0.007613,cal_pot
calendar_scheduling_example_977,"Here is the proposed time: Monday, 09:00 - 10:00","{'num_people': '2', 'num_days': '5', 'duration': '1', 'prompt_5shot': ""You are an expert at scheduling meetings. You are given a few constraints on the existing schedule of each participant, the meeting duration, and possibly some preferences on the meeting time. Note there exists a solution that works with existing schedule of every participant. Here are a few example tasks and solutions:\n\nTASK: You need to schedule a meeting for David and Dorothy for half an hour between the work hours of 9:00 to 17:00 on either Monday, Tuesday, Wednesday, Thursday or Friday. \n\nHere are the existing schedules for everyone during the days: \nDavid is busy on Monday during 9:30 to 10:00, 10:30 to 11:30, 12:30 to 13:30, 14:30 to 15:30, Tuesday during 11:30 to 12:00, 15:00 to 15:30, 16:00 to 16:30, Wednesday during 9:30 to 10:30, 11:00 to 11:30, 14:00 to 14:30, 15:00 to 15:30, Thursday during 10:00 to 11:30, 12:00 to 14:30, 15:00 to 16:00, 16:30 to 17:00, Friday during 9:00 to 9:30, 16:00 to 16:30; \nDorothy has blocked their calendar on Monday during 9:00 to 11:30, 12:30 to 13:00, 13:30 to 17:00, Tuesday during 10:00 to 10:30, 11:00 to 11:30, 13:00 to 14:00, 14:30 to 16:00, 16:30 to 17:00, Wednesday during 9:00 to 13:00, 13:30 to 17:00, Thursday during 9:00 to 10:30, 11:00 to 12:30, 14:00 to 14:30, 15:00 to 16:30, Friday during 10:00 to 11:00, 12:00 to 12:30, 14:30 to 17:00; \n\nDavid do not want to meet on Thursday. Dorothy would like to avoid more meetings on Monday. Friday. The group would like to meet at their earlist availability.\nFind a time that works for everyone's schedule and constraints. \nSOLUTION: Here is the proposed time: Tuesday, 9:00 - 9:30 \n\nTASK: You need to schedule a meeting for Elizabeth and Vincent for half an hour between the work hours of 9:00 to 17:00 on either Monday, Tuesday, Wednesday, Thursday or Friday. \n\nHere are the existing schedules for everyone during the days: \nElizabeth is busy on Monday during 9:30 to 10:00, 10:30 to 14:00, 14:30 to 15:00, 16:00 to 16:30, Tuesday during 12:00 to 13:00, Wednesday during 10:00 to 10:30, 11:00 to 11:30, 12:00 to 12:30, 14:30 to 16:00, Thursday during 10:00 to 11:00, 11:30 to 12:30, 15:00 to 15:30, Friday during 9:30 to 10:30, 11:30 to 12:00, 12:30 to 13:00, 14:30 to 16:00; \nVincent has blocked their calendar on Monday during 9:00 to 12:00, 12:30 to 17:00, Tuesday during 9:00 to 11:00, 11:30 to 12:00, 12:30 to 15:00, 15:30 to 17:00, Wednesday during 9:00 to 15:30, 16:00 to 17:00, Thursday during 9:00 to 10:30, 11:00 to 13:00, 14:00 to 17:00, Friday during 9:00 to 17:00; \n\nYou would like to schedule the meeting at their earlist availability.\nFind a time that works for everyone's schedule and constraints. \nSOLUTION: Here is the proposed time: Tuesday, 11:00 - 11:30 \n\nTASK: You need to schedule a meeting for Bobby and Peter for half an hour between the work hours of 9:00 to 17:00 on either Monday, Tuesday, Wednesday, Thursday or Friday. \n\nHere are the existing schedules for everyone during the days: \nBobby is busy on Monday during 11:30 to 12:00, 13:00 to 13:30, 15:00 to 15:30, 16:00 to 16:30, Tuesday during 10:30 to 11:00, 12:30 to 13:30, 14:30 to 15:00, 16:30 to 17:00, Wednesday during 12:00 to 13:00, 15:00 to 15:30, Thursday during 10:00 to 10:30, 11:30 to 12:00, 13:30 to 14:00, Friday during 14:30 to 15:00; \nPeter is busy on Monday during 9:00 to 13:00, 13:30 to 17:00, Tuesday during 9:00 to 14:30, 15:30 to 17:00, Wednesday during 9:00 to 17:00, Thursday during 9:00 to 11:00, 11:30 to 12:30, 13:00 to 17:00, Friday during 9:00 to 12:30, 13:00 to 15:00, 15:30 to 16:30; \n\nBobby would like to avoid more meetings on Friday. Peter would rather not meet on Thursday. Find a time that works for everyone's schedule and constraints. \nSOLUTION: Here is the proposed time: Tuesday, 15:00 - 15:30 \n\nTASK: You need to schedule a meeting for Jacqueline and Joshua for one hour between the work hours of 9:00 to 17:00 on either Monday, Tuesday, Wednesday, Thursday or Friday. \n\nHere are the existing schedules for everyone during the days: \nJacqueline has blocked their calendar on Monday during 12:30 to 13:00, Wednesday during 9:30 to 10:00, 11:30 to 12:00, 13:00 to 14:00, 16:00 to 16:30, Thursday during 9:00 to 9:30, 11:30 to 12:00, 12:30 to 13:00, Friday during 10:00 to 11:30; \nJoshua has blocked their calendar on Monday during 9:30 to 10:00, 11:00 to 11:30, 12:00 to 12:30, 14:00 to 14:30, 16:00 to 17:00, Tuesday during 13:00 to 16:00, Wednesday during 9:00 to 13:00, 13:30 to 14:00, 14:30 to 15:30, 16:00 to 17:00, Thursday during 9:00 to 15:00, 15:30 to 17:00, Friday during 9:00 to 10:00, 11:00 to 12:00, 12:30 to 16:30; \n\nJoshua can not meet on Monday before 14:00. Tuesday. Find a time that works for everyone's schedule and constraints. \nSOLUTION: Here is the proposed time: Monday, 14:30 - 15:30 \n\nTASK: You need to schedule a meeting for Donald and Joshua for one hour between the work hours of 9:00 to 17:00 on either Monday, Tuesday, Wednesday, Thursday or Friday. \n\nHere are the existing schedules for everyone during the days: \nDonald has blocked their calendar on Monday during 9:00 to 9:30, 15:00 to 15:30, Tuesday during 10:00 to 11:00, 15:30 to 16:30, Wednesday during 10:00 to 10:30, 11:30 to 12:00, 15:00 to 15:30, Thursday during 9:00 to 9:30, 11:00 to 11:30, 12:30 to 13:00, Friday during 11:00 to 11:30, 14:30 to 15:00; \nJoshua has blocked their calendar on Monday during 9:00 to 11:30, 12:00 to 14:00, 14:30 to 15:00, 15:30 to 17:00, Tuesday during 9:00 to 12:30, 13:00 to 13:30, 14:00 to 16:30, Wednesday during 9:00 to 9:30, 10:30 to 11:00, 11:30 to 13:00, 13:30 to 14:00, 15:00 to 16:00, 16:30 to 17:00, Thursday during 9:00 to 16:30, Friday during 9:00 to 17:00; \n\nFind a time that works for everyone's schedule and constraints. \nSOLUTION: Here is the proposed time: Wednesday, 14:00 - 15:00 \n\nTASK: You need to schedule a meeting for Beverly and Jordan for one hour between the work hours of 9:00 to 17:00 on either Monday, Tuesday, Wednesday, Thursday or Friday. \n\nHere are the existing schedules for everyone during the days: \nBeverly is busy on Monday during 11:30 to 12:30, 14:00 to 14:30, Tuesday during 9:00 to 9:30, 11:30 to 12:30, 13:00 to 14:00, 14:30 to 15:00, 16:00 to 16:30, Wednesday during 11:30 to 12:30, 15:30 to 17:00, Thursday during 9:00 to 11:30, 12:00 to 12:30, 14:00 to 16:00, 16:30 to 17:00, Friday during 9:00 to 10:00, 11:00 to 11:30, 16:00 to 16:30; \nJordan has meetings on Monday during 10:00 to 10:30, 11:00 to 11:30, 12:00 to 12:30, 13:00 to 14:00, 14:30 to 15:00, 16:30 to 17:00, Tuesday during 9:00 to 9:30, 10:00 to 15:00, 15:30 to 17:00, Wednesday during 10:00 to 11:00, 11:30 to 12:00, 13:30 to 14:30, Thursday during 9:00 to 10:00, 10:30 to 11:00, 12:00 to 13:00, 13:30 to 14:00, 14:30 to 16:30, Friday during 9:00 to 10:30, 11:30 to 14:00, 14:30 to 15:00, 16:30 to 17:00; \n\nBeverly would rather not meet on Wednesday after 11:30. Jordan would rather not meet on Monday. Friday. Find a time that works for everyone's schedule and constraints. \nSOLUTION: "", 'golden_plan': 'Here is the proposed time: Wednesday, 9:00 - 10:00 ', 'pred_5shot_pro': 'Here is the proposed time: Wednesday, 9:00 - 10:00 \n', 'prompt_0shot': ""You are an expert at scheduling meetings. You are given a few constraints on the existing schedule of each participant, the meeting duration, and possibly some preferences on the meeting time. Note there exists a solution that works with existing schedule of every participant. Here are a few example tasks and solutions:\n\nTASK: You need to schedule a meeting for Beverly and Jordan for one hour between the work hours of 9:00 to 17:00 on either Monday, Tuesday, Wednesday, Thursday or Friday. \n\nHere are the existing schedules for everyone during the days: \nBeverly is busy on Monday during 11:30 to 12:30, 14:00 to 14:30, Tuesday during 9:00 to 9:30, 11:30 to 12:30, 13:00 to 14:00, 14:30 to 15:00, 16:00 to 16:30, Wednesday during 11:30 to 12:30, 15:30 to 17:00, Thursday during 9:00 to 11:30, 12:00 to 12:30, 14:00 to 16:00, 16:30 to 17:00, Friday during 9:00 to 10:00, 11:00 to 11:30, 16:00 to 16:30; \nJordan has meetings on Monday during 10:00 to 10:30, 11:00 to 11:30, 12:00 to 12:30, 13:00 to 14:00, 14:30 to 15:00, 16:30 to 17:00, Tuesday during 9:00 to 9:30, 10:00 to 15:00, 15:30 to 17:00, Wednesday during 10:00 to 11:00, 11:30 to 12:00, 13:30 to 14:30, Thursday during 9:00 to 10:00, 10:30 to 11:00, 12:00 to 13:00, 13:30 to 14:00, 14:30 to 16:30, Friday during 9:00 to 10:30, 11:30 to 14:00, 14:30 to 15:00, 16:30 to 17:00; \n\nBeverly would rather not meet on Wednesday after 11:30. Jordan would rather not meet on Monday. Friday. Find a time that works for everyone's schedule and constraints. \nSOLUTION: ""}",False,4392.0,1727.0,40.542587757110596,0.0055711,cal_pot
calendar_scheduling_example_935,**exception raised**: cannot find answer matching pattern '```python\n([^`]*)\n```',"{'num_people': '2', 'num_days': '5', 'duration': '0.5', 'prompt_5shot': ""You are an expert at scheduling meetings. You are given a few constraints on the existing schedule of each participant, the meeting duration, and possibly some preferences on the meeting time. Note there exists a solution that works with existing schedule of every participant. Here are a few example tasks and solutions:\n\nTASK: You need to schedule a meeting for David and Dorothy for half an hour between the work hours of 9:00 to 17:00 on either Monday, Tuesday, Wednesday, Thursday or Friday. \n\nHere are the existing schedules for everyone during the days: \nDavid is busy on Monday during 9:30 to 10:00, 10:30 to 11:30, 12:30 to 13:30, 14:30 to 15:30, Tuesday during 11:30 to 12:00, 15:00 to 15:30, 16:00 to 16:30, Wednesday during 9:30 to 10:30, 11:00 to 11:30, 14:00 to 14:30, 15:00 to 15:30, Thursday during 10:00 to 11:30, 12:00 to 14:30, 15:00 to 16:00, 16:30 to 17:00, Friday during 9:00 to 9:30, 16:00 to 16:30; \nDorothy has blocked their calendar on Monday during 9:00 to 11:30, 12:30 to 13:00, 13:30 to 17:00, Tuesday during 10:00 to 10:30, 11:00 to 11:30, 13:00 to 14:00, 14:30 to 16:00, 16:30 to 17:00, Wednesday during 9:00 to 13:00, 13:30 to 17:00, Thursday during 9:00 to 10:30, 11:00 to 12:30, 14:00 to 14:30, 15:00 to 16:30, Friday during 10:00 to 11:00, 12:00 to 12:30, 14:30 to 17:00; \n\nDavid do not want to meet on Thursday. Dorothy would like to avoid more meetings on Monday. Friday. The group would like to meet at their earlist availability.\nFind a time that works for everyone's schedule and constraints. \nSOLUTION: Here is the proposed time: Tuesday, 9:00 - 9:30 \n\nTASK: You need to schedule a meeting for Elizabeth and Vincent for half an hour between the work hours of 9:00 to 17:00 on either Monday, Tuesday, Wednesday, Thursday or Friday. \n\nHere are the existing schedules for everyone during the days: \nElizabeth is busy on Monday during 9:30 to 10:00, 10:30 to 14:00, 14:30 to 15:00, 16:00 to 16:30, Tuesday during 12:00 to 13:00, Wednesday during 10:00 to 10:30, 11:00 to 11:30, 12:00 to 12:30, 14:30 to 16:00, Thursday during 10:00 to 11:00, 11:30 to 12:30, 15:00 to 15:30, Friday during 9:30 to 10:30, 11:30 to 12:00, 12:30 to 13:00, 14:30 to 16:00; \nVincent has blocked their calendar on Monday during 9:00 to 12:00, 12:30 to 17:00, Tuesday during 9:00 to 11:00, 11:30 to 12:00, 12:30 to 15:00, 15:30 to 17:00, Wednesday during 9:00 to 15:30, 16:00 to 17:00, Thursday during 9:00 to 10:30, 11:00 to 13:00, 14:00 to 17:00, Friday during 9:00 to 17:00; \n\nYou would like to schedule the meeting at their earlist availability.\nFind a time that works for everyone's schedule and constraints. \nSOLUTION: Here is the proposed time: Tuesday, 11:00 - 11:30 \n\nTASK: You need to schedule a meeting for Bobby and Peter for half an hour between the work hours of 9:00 to 17:00 on either Monday, Tuesday, Wednesday, Thursday or Friday. \n\nHere are the existing schedules for everyone during the days: \nBobby is busy on Monday during 11:30 to 12:00, 13:00 to 13:30, 15:00 to 15:30, 16:00 to 16:30, Tuesday during 10:30 to 11:00, 12:30 to 13:30, 14:30 to 15:00, 16:30 to 17:00, Wednesday during 12:00 to 13:00, 15:00 to 15:30, Thursday during 10:00 to 10:30, 11:30 to 12:00, 13:30 to 14:00, Friday during 14:30 to 15:00; \nPeter is busy on Monday during 9:00 to 13:00, 13:30 to 17:00, Tuesday during 9:00 to 14:30, 15:30 to 17:00, Wednesday during 9:00 to 17:00, Thursday during 9:00 to 11:00, 11:30 to 12:30, 13:00 to 17:00, Friday during 9:00 to 12:30, 13:00 to 15:00, 15:30 to 16:30; \n\nBobby would like to avoid more meetings on Friday. Peter would rather not meet on Thursday. Find a time that works for everyone's schedule and constraints. \nSOLUTION: Here is the proposed time: Tuesday, 15:00 - 15:30 \n\nTASK: You need to schedule a meeting for Jacqueline and Joshua for one hour between the work hours of 9:00 to 17:00 on either Monday, Tuesday, Wednesday, Thursday or Friday. \n\nHere are the existing schedules for everyone during the days: \nJacqueline has blocked their calendar on Monday during 12:30 to 13:00, Wednesday during 9:30 to 10:00, 11:30 to 12:00, 13:00 to 14:00, 16:00 to 16:30, Thursday during 9:00 to 9:30, 11:30 to 12:00, 12:30 to 13:00, Friday during 10:00 to 11:30; \nJoshua has blocked their calendar on Monday during 9:30 to 10:00, 11:00 to 11:30, 12:00 to 12:30, 14:00 to 14:30, 16:00 to 17:00, Tuesday during 13:00 to 16:00, Wednesday during 9:00 to 13:00, 13:30 to 14:00, 14:30 to 15:30, 16:00 to 17:00, Thursday during 9:00 to 15:00, 15:30 to 17:00, Friday during 9:00 to 10:00, 11:00 to 12:00, 12:30 to 16:30; \n\nJoshua can not meet on Monday before 14:00. Tuesday. Find a time that works for everyone's schedule and constraints. \nSOLUTION: Here is the proposed time: Monday, 14:30 - 15:30 \n\nTASK: You need to schedule a meeting for Donald and Joshua for one hour between the work hours of 9:00 to 17:00 on either Monday, Tuesday, Wednesday, Thursday or Friday. \n\nHere are the existing schedules for everyone during the days: \nDonald has blocked their calendar on Monday during 9:00 to 9:30, 15:00 to 15:30, Tuesday during 10:00 to 11:00, 15:30 to 16:30, Wednesday during 10:00 to 10:30, 11:30 to 12:00, 15:00 to 15:30, Thursday during 9:00 to 9:30, 11:00 to 11:30, 12:30 to 13:00, Friday during 11:00 to 11:30, 14:30 to 15:00; \nJoshua has blocked their calendar on Monday during 9:00 to 11:30, 12:00 to 14:00, 14:30 to 15:00, 15:30 to 17:00, Tuesday during 9:00 to 12:30, 13:00 to 13:30, 14:00 to 16:30, Wednesday during 9:00 to 9:30, 10:30 to 11:00, 11:30 to 13:00, 13:30 to 14:00, 15:00 to 16:00, 16:30 to 17:00, Thursday during 9:00 to 16:30, Friday during 9:00 to 17:00; \n\nFind a time that works for everyone's schedule and constraints. \nSOLUTION: Here is the proposed time: Wednesday, 14:00 - 15:00 \n\nTASK: You need to schedule a meeting for Terry and Frances for half an hour between the work hours of 9:00 to 17:00 on either Monday, Tuesday, Wednesday, Thursday or Friday. \n\nHere are the existing schedules for everyone during the days: \nTerry is busy on Monday during 10:30 to 11:00, 12:30 to 14:00, 15:00 to 17:00, Tuesday during 9:30 to 10:00, 10:30 to 11:00, 14:00 to 14:30, 16:00 to 16:30, Wednesday during 9:30 to 10:30, 11:00 to 12:00, 13:00 to 13:30, 15:00 to 16:00, 16:30 to 17:00, Thursday during 9:30 to 10:00, 12:00 to 12:30, 13:00 to 14:30, 16:00 to 16:30, Friday during 9:00 to 11:30, 12:00 to 12:30, 13:30 to 16:00, 16:30 to 17:00; \nFrances has blocked their calendar on Monday during 9:30 to 11:00, 11:30 to 13:00, 14:00 to 14:30, 15:00 to 16:00, Tuesday during 9:00 to 9:30, 10:00 to 10:30, 11:00 to 12:00, 13:00 to 14:30, 15:30 to 16:30, Wednesday during 9:30 to 10:00, 10:30 to 11:00, 11:30 to 16:00, 16:30 to 17:00, Thursday during 11:00 to 12:30, 14:30 to 17:00, Friday during 9:30 to 10:30, 11:00 to 12:30, 13:00 to 16:00, 16:30 to 17:00; \n\nFrances would like to avoid more meetings on Tuesday. You would like to schedule the meeting at their earlist availability.\nFind a time that works for everyone's schedule and constraints. \nSOLUTION: "", 'golden_plan': 'Here is the proposed time: Monday, 9:00 - 9:30 ', 'pred_5shot_pro': 'Here is the proposed time: Monday, 9:00 - 9:30 \n', 'prompt_0shot': ""You are an expert at scheduling meetings. You are given a few constraints on the existing schedule of each participant, the meeting duration, and possibly some preferences on the meeting time. Note there exists a solution that works with existing schedule of every participant. Here are a few example tasks and solutions:\n\nTASK: You need to schedule a meeting for Terry and Frances for half an hour between the work hours of 9:00 to 17:00 on either Monday, Tuesday, Wednesday, Thursday or Friday. \n\nHere are the existing schedules for everyone during the days: \nTerry is busy on Monday during 10:30 to 11:00, 12:30 to 14:00, 15:00 to 17:00, Tuesday during 9:30 to 10:00, 10:30 to 11:00, 14:00 to 14:30, 16:00 to 16:30, Wednesday during 9:30 to 10:30, 11:00 to 12:00, 13:00 to 13:30, 15:00 to 16:00, 16:30 to 17:00, Thursday during 9:30 to 10:00, 12:00 to 12:30, 13:00 to 14:30, 16:00 to 16:30, Friday during 9:00 to 11:30, 12:00 to 12:30, 13:30 to 16:00, 16:30 to 17:00; \nFrances has blocked their calendar on Monday during 9:30 to 11:00, 11:30 to 13:00, 14:00 to 14:30, 15:00 to 16:00, Tuesday during 9:00 to 9:30, 10:00 to 10:30, 11:00 to 12:00, 13:00 to 14:30, 15:30 to 16:30, Wednesday during 9:30 to 10:00, 10:30 to 11:00, 11:30 to 16:00, 16:30 to 17:00, Thursday during 11:00 to 12:30, 14:30 to 17:00, Friday during 9:30 to 10:30, 11:00 to 12:30, 13:00 to 16:00, 16:30 to 17:00; \n\nFrances would like to avoid more meetings on Tuesday. You would like to schedule the meeting at their earlist availability.\nFind a time that works for everyone's schedule and constraints. \nSOLUTION: ""}",False,1471.0,2048.0,28.52837109565735,0.0043642,cal_pot
calendar_scheduling_example_958,"Here is the proposed time: Wednesday, 16:00 - 17:00","{'num_people': '2', 'num_days': '5', 'duration': '1', 'prompt_5shot': ""You are an expert at scheduling meetings. You are given a few constraints on the existing schedule of each participant, the meeting duration, and possibly some preferences on the meeting time. Note there exists a solution that works with existing schedule of every participant. Here are a few example tasks and solutions:\n\nTASK: You need to schedule a meeting for David and Dorothy for half an hour between the work hours of 9:00 to 17:00 on either Monday, Tuesday, Wednesday, Thursday or Friday. \n\nHere are the existing schedules for everyone during the days: \nDavid is busy on Monday during 9:30 to 10:00, 10:30 to 11:30, 12:30 to 13:30, 14:30 to 15:30, Tuesday during 11:30 to 12:00, 15:00 to 15:30, 16:00 to 16:30, Wednesday during 9:30 to 10:30, 11:00 to 11:30, 14:00 to 14:30, 15:00 to 15:30, Thursday during 10:00 to 11:30, 12:00 to 14:30, 15:00 to 16:00, 16:30 to 17:00, Friday during 9:00 to 9:30, 16:00 to 16:30; \nDorothy has blocked their calendar on Monday during 9:00 to 11:30, 12:30 to 13:00, 13:30 to 17:00, Tuesday during 10:00 to 10:30, 11:00 to 11:30, 13:00 to 14:00, 14:30 to 16:00, 16:30 to 17:00, Wednesday during 9:00 to 13:00, 13:30 to 17:00, Thursday during 9:00 to 10:30, 11:00 to 12:30, 14:00 to 14:30, 15:00 to 16:30, Friday during 10:00 to 11:00, 12:00 to 12:30, 14:30 to 17:00; \n\nDavid do not want to meet on Thursday. Dorothy would like to avoid more meetings on Monday. Friday. The group would like to meet at their earlist availability.\nFind a time that works for everyone's schedule and constraints. \nSOLUTION: Here is the proposed time: Tuesday, 9:00 - 9:30 \n\nTASK: You need to schedule a meeting for Elizabeth and Vincent for half an hour between the work hours of 9:00 to 17:00 on either Monday, Tuesday, Wednesday, Thursday or Friday. \n\nHere are the existing schedules for everyone during the days: \nElizabeth is busy on Monday during 9:30 to 10:00, 10:30 to 14:00, 14:30 to 15:00, 16:00 to 16:30, Tuesday during 12:00 to 13:00, Wednesday during 10:00 to 10:30, 11:00 to 11:30, 12:00 to 12:30, 14:30 to 16:00, Thursday during 10:00 to 11:00, 11:30 to 12:30, 15:00 to 15:30, Friday during 9:30 to 10:30, 11:30 to 12:00, 12:30 to 13:00, 14:30 to 16:00; \nVincent has blocked their calendar on Monday during 9:00 to 12:00, 12:30 to 17:00, Tuesday during 9:00 to 11:00, 11:30 to 12:00, 12:30 to 15:00, 15:30 to 17:00, Wednesday during 9:00 to 15:30, 16:00 to 17:00, Thursday during 9:00 to 10:30, 11:00 to 13:00, 14:00 to 17:00, Friday during 9:00 to 17:00; \n\nYou would like to schedule the meeting at their earlist availability.\nFind a time that works for everyone's schedule and constraints. \nSOLUTION: Here is the proposed time: Tuesday, 11:00 - 11:30 \n\nTASK: You need to schedule a meeting for Bobby and Peter for half an hour between the work hours of 9:00 to 17:00 on either Monday, Tuesday, Wednesday, Thursday or Friday. \n\nHere are the existing schedules for everyone during the days: \nBobby is busy on Monday during 11:30 to 12:00, 13:00 to 13:30, 15:00 to 15:30, 16:00 to 16:30, Tuesday during 10:30 to 11:00, 12:30 to 13:30, 14:30 to 15:00, 16:30 to 17:00, Wednesday during 12:00 to 13:00, 15:00 to 15:30, Thursday during 10:00 to 10:30, 11:30 to 12:00, 13:30 to 14:00, Friday during 14:30 to 15:00; \nPeter is busy on Monday during 9:00 to 13:00, 13:30 to 17:00, Tuesday during 9:00 to 14:30, 15:30 to 17:00, Wednesday during 9:00 to 17:00, Thursday during 9:00 to 11:00, 11:30 to 12:30, 13:00 to 17:00, Friday during 9:00 to 12:30, 13:00 to 15:00, 15:30 to 16:30; \n\nBobby would like to avoid more meetings on Friday. Peter would rather not meet on Thursday. Find a time that works for everyone's schedule and constraints. \nSOLUTION: Here is the proposed time: Tuesday, 15:00 - 15:30 \n\nTASK: You need to schedule a meeting for Jacqueline and Joshua for one hour between the work hours of 9:00 to 17:00 on either Monday, Tuesday, Wednesday, Thursday or Friday. \n\nHere are the existing schedules for everyone during the days: \nJacqueline has blocked their calendar on Monday during 12:30 to 13:00, Wednesday during 9:30 to 10:00, 11:30 to 12:00, 13:00 to 14:00, 16:00 to 16:30, Thursday during 9:00 to 9:30, 11:30 to 12:00, 12:30 to 13:00, Friday during 10:00 to 11:30; \nJoshua has blocked their calendar on Monday during 9:30 to 10:00, 11:00 to 11:30, 12:00 to 12:30, 14:00 to 14:30, 16:00 to 17:00, Tuesday during 13:00 to 16:00, Wednesday during 9:00 to 13:00, 13:30 to 14:00, 14:30 to 15:30, 16:00 to 17:00, Thursday during 9:00 to 15:00, 15:30 to 17:00, Friday during 9:00 to 10:00, 11:00 to 12:00, 12:30 to 16:30; \n\nJoshua can not meet on Monday before 14:00. Tuesday. Find a time that works for everyone's schedule and constraints. \nSOLUTION: Here is the proposed time: Monday, 14:30 - 15:30 \n\nTASK: You need to schedule a meeting for Donald and Joshua for one hour between the work hours of 9:00 to 17:00 on either Monday, Tuesday, Wednesday, Thursday or Friday. \n\nHere are the existing schedules for everyone during the days: \nDonald has blocked their calendar on Monday during 9:00 to 9:30, 15:00 to 15:30, Tuesday during 10:00 to 11:00, 15:30 to 16:30, Wednesday during 10:00 to 10:30, 11:30 to 12:00, 15:00 to 15:30, Thursday during 9:00 to 9:30, 11:00 to 11:30, 12:30 to 13:00, Friday during 11:00 to 11:30, 14:30 to 15:00; \nJoshua has blocked their calendar on Monday during 9:00 to 11:30, 12:00 to 14:00, 14:30 to 15:00, 15:30 to 17:00, Tuesday during 9:00 to 12:30, 13:00 to 13:30, 14:00 to 16:30, Wednesday during 9:00 to 9:30, 10:30 to 11:00, 11:30 to 13:00, 13:30 to 14:00, 15:00 to 16:00, 16:30 to 17:00, Thursday during 9:00 to 16:30, Friday during 9:00 to 17:00; \n\nFind a time that works for everyone's schedule and constraints. \nSOLUTION: Here is the proposed time: Wednesday, 14:00 - 15:00 \n\nTASK: You need to schedule a meeting for Gerald and Jeremy for one hour between the work hours of 9:00 to 17:00 on either Monday, Tuesday, Wednesday, Thursday or Friday. \n\nHere are the existing schedules for everyone during the days: \nGerald is busy on Monday during 12:00 to 12:30, Tuesday during 11:30 to 12:00, Thursday during 10:00 to 10:30, Friday during 11:00 to 11:30, 12:00 to 12:30, 14:00 to 14:30; \nJeremy is busy on Monday during 9:00 to 10:30, 11:30 to 12:30, 13:00 to 14:00, 14:30 to 17:00, Tuesday during 9:00 to 10:30, 11:00 to 11:30, 12:00 to 12:30, 13:30 to 14:30, 15:30 to 17:00, Wednesday during 9:00 to 11:30, 12:00 to 14:30, 15:00 to 16:00, Thursday during 9:00 to 11:00, 11:30 to 13:00, 13:30 to 15:00, 15:30 to 17:00, Friday during 9:30 to 12:00, 13:00 to 15:30, 16:00 to 16:30; \n\nGerald do not want to meet on Monday. Tuesday. Find a time that works for everyone's schedule and constraints. \nSOLUTION: "", 'golden_plan': 'Here is the proposed time: Wednesday, 16:00 - 17:00 ', 'pred_5shot_pro': 'Here is the proposed time: Wednesday, 14:30 - 15:30 \n', 'prompt_0shot': ""You are an expert at scheduling meetings. You are given a few constraints on the existing schedule of each participant, the meeting duration, and possibly some preferences on the meeting time. Note there exists a solution that works with existing schedule of every participant. Here are a few example tasks and solutions:\n\nTASK: You need to schedule a meeting for Gerald and Jeremy for one hour between the work hours of 9:00 to 17:00 on either Monday, Tuesday, Wednesday, Thursday or Friday. \n\nHere are the existing schedules for everyone during the days: \nGerald is busy on Monday during 12:00 to 12:30, Tuesday during 11:30 to 12:00, Thursday during 10:00 to 10:30, Friday during 11:00 to 11:30, 12:00 to 12:30, 14:00 to 14:30; \nJeremy is busy on Monday during 9:00 to 10:30, 11:30 to 12:30, 13:00 to 14:00, 14:30 to 17:00, Tuesday during 9:00 to 10:30, 11:00 to 11:30, 12:00 to 12:30, 13:30 to 14:30, 15:30 to 17:00, Wednesday during 9:00 to 11:30, 12:00 to 14:30, 15:00 to 16:00, Thursday during 9:00 to 11:00, 11:30 to 13:00, 13:30 to 15:00, 15:30 to 17:00, Friday during 9:30 to 12:00, 13:00 to 15:30, 16:00 to 16:30; \n\nGerald do not want to meet on Monday. Tuesday. Find a time that works for everyone's schedule and constraints. \nSOLUTION: ""}",True,3659.0,2168.0,33.96864080429077,0.005881,cal_pot
calendar_scheduling_example_46,"Here is the proposed time: Monday, 11:30 - 12:00","{'num_people': '3', 'num_days': '1', 'duration': '0.5', 'prompt_5shot': ""You are an expert at scheduling meetings. You are given a few constraints on the existing schedule of each participant, the meeting duration, and possibly some preferences on the meeting time. Note there exists a solution that works with existing schedule of every participant. Here are a few example tasks and solutions:\n\nTASK: You need to schedule a meeting for Roger, Karen and Dorothy for half an hour between the work hours of 9:00 to 17:00 on Monday. \n\nHere are the existing schedules for everyone during the day: \nRoger's calendar is wide open the entire day.\nKaren has meetings on Monday during 10:00 to 10:30, 11:30 to 12:00, 12:30 to 13:00, 14:00 to 15:00, 15:30 to 16:00; \nDorothy is busy on Monday during 9:00 to 10:00, 10:30 to 11:00, 11:30 to 12:00, 12:30 to 13:00, 14:00 to 15:30, 16:00 to 17:00; \n\nYou would like to schedule the meeting at their earlist availability.\nFind a time that works for everyone's schedule and constraints. \nSOLUTION: Here is the proposed time: Monday, 11:00 - 11:30 \n\nTASK: You need to schedule a meeting for Douglas, Lawrence and Isabella for half an hour between the work hours of 9:00 to 17:00 on Monday. \n\nHere are the existing schedules for everyone during the day: \nDouglas has meetings on Monday during 12:00 to 12:30, 15:00 to 15:30; \nLawrence has meetings on Monday during 10:30 to 12:00, 13:00 to 13:30, 14:00 to 14:30, 15:30 to 16:00; \nIsabella is busy on Monday during 9:00 to 12:30, 13:30 to 17:00; \n\nFind a time that works for everyone's schedule and constraints. \nSOLUTION: Here is the proposed time: Monday, 12:30 - 13:00 \n\nTASK: You need to schedule a meeting for Joshua, Denise and Jeremy for one hour between the work hours of 9:00 to 17:00 on Monday. \n\nHere are the existing schedules for everyone during the day: \nJoshua is busy on Monday during 10:00 to 10:30, 12:00 to 12:30, 14:00 to 14:30, 15:00 to 15:30; \nDenise's calendar is wide open the entire day.\nJeremy has meetings on Monday during 9:30 to 10:30, 12:00 to 13:00, 13:30 to 14:00, 14:30 to 15:00, 15:30 to 16:00, 16:30 to 17:00; \n\nFind a time that works for everyone's schedule and constraints. \nSOLUTION: Here is the proposed time: Monday, 10:30 - 11:30 \n\nTASK: You need to schedule a meeting for Alan, Elizabeth and Denise for half an hour between the work hours of 9:00 to 17:00 on Monday. \n\nHere are the existing schedules for everyone during the day: \nAlan has blocked their calendar on Monday during 13:00 to 13:30, 14:00 to 14:30; \nElizabeth is busy on Monday during 9:00 to 9:30, 11:00 to 11:30; \nDenise has blocked their calendar on Monday during 9:00 to 10:00, 10:30 to 11:30, 12:30 to 13:00, 13:30 to 14:00, 14:30 to 16:00, 16:30 to 17:00; \n\nYou would like to schedule the meeting at their earlist availability.\nFind a time that works for everyone's schedule and constraints. \nSOLUTION: Here is the proposed time: Monday, 10:00 - 10:30 \n\nTASK: You need to schedule a meeting for Mason, Bruce and Christopher for half an hour between the work hours of 9:00 to 17:00 on Monday. \n\nHere are the existing schedules for everyone during the day: \nMason has meetings on Monday during 9:30 to 10:00, 11:00 to 11:30, 14:30 to 15:00, 16:30 to 17:00; \nBruce is free the entire day.\nChristopher is busy on Monday during 9:30 to 10:30, 11:30 to 12:30, 15:00 to 17:00; \n\nMason would rather not meet on Monday before 12:30. Find a time that works for everyone's schedule and constraints. \nSOLUTION: Here is the proposed time: Monday, 12:30 - 13:00 \n\nTASK: You need to schedule a meeting for Arthur, Theresa and Carl for half an hour between the work hours of 9:00 to 17:00 on Monday. \n\nHere are the existing schedules for everyone during the day: \nArthur has blocked their calendar on Monday during 9:30 to 10:00, 14:00 to 14:30; \nTheresa has meetings on Monday during 9:00 to 9:30, 12:00 to 13:00, 15:00 to 16:30; \nCarl has blocked their calendar on Monday during 9:00 to 11:30, 12:00 to 14:00, 14:30 to 17:00; \n\nFind a time that works for everyone's schedule and constraints. \nSOLUTION: "", 'golden_plan': 'Here is the proposed time: Monday, 11:30 - 12:00 ', 'pred_5shot_pro': 'SOLUTION: Here is the proposed time: Monday, 11:30 - 12:00 \n', 'prompt_0shot': ""You are an expert at scheduling meetings. You are given a few constraints on the existing schedule of each participant, the meeting duration, and possibly some preferences on the meeting time. Note there exists a solution that works with existing schedule of every participant. Here are a few example tasks and solutions:\n\nTASK: You need to schedule a meeting for Arthur, Theresa and Carl for half an hour between the work hours of 9:00 to 17:00 on Monday. \n\nHere are the existing schedules for everyone during the day: \nArthur has blocked their calendar on Monday during 9:30 to 10:00, 14:00 to 14:30; \nTheresa has meetings on Monday during 9:00 to 9:30, 12:00 to 13:00, 15:00 to 16:30; \nCarl has blocked their calendar on Monday during 9:00 to 11:30, 12:00 to 14:00, 14:30 to 17:00; \n\nFind a time that works for everyone's schedule and constraints. \nSOLUTION: ""}",True,2898.0,1530.0,24.76417326927185,0.0043398,cal_pot
calendar_scheduling_example_61,"Here is the proposed time: Monday, 13:30 - 14:30","{'num_people': '3', 'num_days': '1', 'duration': '1', 'prompt_5shot': ""You are an expert at scheduling meetings. You are given a few constraints on the existing schedule of each participant, the meeting duration, and possibly some preferences on the meeting time. Note there exists a solution that works with existing schedule of every participant. Here are a few example tasks and solutions:\n\nTASK: You need to schedule a meeting for Roger, Karen and Dorothy for half an hour between the work hours of 9:00 to 17:00 on Monday. \n\nHere are the existing schedules for everyone during the day: \nRoger's calendar is wide open the entire day.\nKaren has meetings on Monday during 10:00 to 10:30, 11:30 to 12:00, 12:30 to 13:00, 14:00 to 15:00, 15:30 to 16:00; \nDorothy is busy on Monday during 9:00 to 10:00, 10:30 to 11:00, 11:30 to 12:00, 12:30 to 13:00, 14:00 to 15:30, 16:00 to 17:00; \n\nYou would like to schedule the meeting at their earlist availability.\nFind a time that works for everyone's schedule and constraints. \nSOLUTION: Here is the proposed time: Monday, 11:00 - 11:30 \n\nTASK: You need to schedule a meeting for Douglas, Lawrence and Isabella for half an hour between the work hours of 9:00 to 17:00 on Monday. \n\nHere are the existing schedules for everyone during the day: \nDouglas has meetings on Monday during 12:00 to 12:30, 15:00 to 15:30; \nLawrence has meetings on Monday during 10:30 to 12:00, 13:00 to 13:30, 14:00 to 14:30, 15:30 to 16:00; \nIsabella is busy on Monday during 9:00 to 12:30, 13:30 to 17:00; \n\nFind a time that works for everyone's schedule and constraints. \nSOLUTION: Here is the proposed time: Monday, 12:30 - 13:00 \n\nTASK: You need to schedule a meeting for Joshua, Denise and Jeremy for one hour between the work hours of 9:00 to 17:00 on Monday. \n\nHere are the existing schedules for everyone during the day: \nJoshua is busy on Monday during 10:00 to 10:30, 12:00 to 12:30, 14:00 to 14:30, 15:00 to 15:30; \nDenise's calendar is wide open the entire day.\nJeremy has meetings on Monday during 9:30 to 10:30, 12:00 to 13:00, 13:30 to 14:00, 14:30 to 15:00, 15:30 to 16:00, 16:30 to 17:00; \n\nFind a time that works for everyone's schedule and constraints. \nSOLUTION: Here is the proposed time: Monday, 10:30 - 11:30 \n\nTASK: You need to schedule a meeting for Alan, Elizabeth and Denise for half an hour between the work hours of 9:00 to 17:00 on Monday. \n\nHere are the existing schedules for everyone during the day: \nAlan has blocked their calendar on Monday during 13:00 to 13:30, 14:00 to 14:30; \nElizabeth is busy on Monday during 9:00 to 9:30, 11:00 to 11:30; \nDenise has blocked their calendar on Monday during 9:00 to 10:00, 10:30 to 11:30, 12:30 to 13:00, 13:30 to 14:00, 14:30 to 16:00, 16:30 to 17:00; \n\nYou would like to schedule the meeting at their earlist availability.\nFind a time that works for everyone's schedule and constraints. \nSOLUTION: Here is the proposed time: Monday, 10:00 - 10:30 \n\nTASK: You need to schedule a meeting for Mason, Bruce and Christopher for half an hour between the work hours of 9:00 to 17:00 on Monday. \n\nHere are the existing schedules for everyone during the day: \nMason has meetings on Monday during 9:30 to 10:00, 11:00 to 11:30, 14:30 to 15:00, 16:30 to 17:00; \nBruce is free the entire day.\nChristopher is busy on Monday during 9:30 to 10:30, 11:30 to 12:30, 15:00 to 17:00; \n\nMason would rather not meet on Monday before 12:30. Find a time that works for everyone's schedule and constraints. \nSOLUTION: Here is the proposed time: Monday, 12:30 - 13:00 \n\nTASK: You need to schedule a meeting for Robert, Lisa and Patrick for one hour between the work hours of 9:00 to 17:00 on Monday. \n\nHere are the existing schedules for everyone during the day: \nRobert is free the entire day.\nLisa is busy on Monday during 9:30 to 10:00, 11:30 to 12:00; \nPatrick is busy on Monday during 9:30 to 11:30, 12:30 to 13:30, 16:00 to 17:00; \n\nFind a time that works for everyone's schedule and constraints. \nSOLUTION: "", 'golden_plan': 'Here is the proposed time: Monday, 13:30 - 14:30 ', 'pred_5shot_pro': 'Here is the proposed time: Monday, 13:30 - 14:30 \n', 'prompt_0shot': ""You are an expert at scheduling meetings. You are given a few constraints on the existing schedule of each participant, the meeting duration, and possibly some preferences on the meeting time. Note there exists a solution that works with existing schedule of every participant. Here are a few example tasks and solutions:\n\nTASK: You need to schedule a meeting for Robert, Lisa and Patrick for one hour between the work hours of 9:00 to 17:00 on Monday. \n\nHere are the existing schedules for everyone during the day: \nRobert is free the entire day.\nLisa is busy on Monday during 9:30 to 10:00, 11:30 to 12:00; \nPatrick is busy on Monday during 9:30 to 11:30, 12:30 to 13:30, 16:00 to 17:00; \n\nFind a time that works for everyone's schedule and constraints. \nSOLUTION: ""}",True,2695.0,1142.0,24.77829909324646,0.0035583999999999998,cal_pot
calendar_scheduling_example_44,"Here is the proposed time: Monday, 12:00 - 12:30","{'num_people': '3', 'num_days': '1', 'duration': '0.5', 'prompt_5shot': ""You are an expert at scheduling meetings. You are given a few constraints on the existing schedule of each participant, the meeting duration, and possibly some preferences on the meeting time. Note there exists a solution that works with existing schedule of every participant. Here are a few example tasks and solutions:\n\nTASK: You need to schedule a meeting for Roger, Karen and Dorothy for half an hour between the work hours of 9:00 to 17:00 on Monday. \n\nHere are the existing schedules for everyone during the day: \nRoger's calendar is wide open the entire day.\nKaren has meetings on Monday during 10:00 to 10:30, 11:30 to 12:00, 12:30 to 13:00, 14:00 to 15:00, 15:30 to 16:00; \nDorothy is busy on Monday during 9:00 to 10:00, 10:30 to 11:00, 11:30 to 12:00, 12:30 to 13:00, 14:00 to 15:30, 16:00 to 17:00; \n\nYou would like to schedule the meeting at their earlist availability.\nFind a time that works for everyone's schedule and constraints. \nSOLUTION: Here is the proposed time: Monday, 11:00 - 11:30 \n\nTASK: You need to schedule a meeting for Douglas, Lawrence and Isabella for half an hour between the work hours of 9:00 to 17:00 on Monday. \n\nHere are the existing schedules for everyone during the day: \nDouglas has meetings on Monday during 12:00 to 12:30, 15:00 to 15:30; \nLawrence has meetings on Monday during 10:30 to 12:00, 13:00 to 13:30, 14:00 to 14:30, 15:30 to 16:00; \nIsabella is busy on Monday during 9:00 to 12:30, 13:30 to 17:00; \n\nFind a time that works for everyone's schedule and constraints. \nSOLUTION: Here is the proposed time: Monday, 12:30 - 13:00 \n\nTASK: You need to schedule a meeting for Joshua, Denise and Jeremy for one hour between the work hours of 9:00 to 17:00 on Monday. \n\nHere are the existing schedules for everyone during the day: \nJoshua is busy on Monday during 10:00 to 10:30, 12:00 to 12:30, 14:00 to 14:30, 15:00 to 15:30; \nDenise's calendar is wide open the entire day.\nJeremy has meetings on Monday during 9:30 to 10:30, 12:00 to 13:00, 13:30 to 14:00, 14:30 to 15:00, 15:30 to 16:00, 16:30 to 17:00; \n\nFind a time that works for everyone's schedule and constraints. \nSOLUTION: Here is the proposed time: Monday, 10:30 - 11:30 \n\nTASK: You need to schedule a meeting for Alan, Elizabeth and Denise for half an hour between the work hours of 9:00 to 17:00 on Monday. \n\nHere are the existing schedules for everyone during the day: \nAlan has blocked their calendar on Monday during 13:00 to 13:30, 14:00 to 14:30; \nElizabeth is busy on Monday during 9:00 to 9:30, 11:00 to 11:30; \nDenise has blocked their calendar on Monday during 9:00 to 10:00, 10:30 to 11:30, 12:30 to 13:00, 13:30 to 14:00, 14:30 to 16:00, 16:30 to 17:00; \n\nYou would like to schedule the meeting at their earlist availability.\nFind a time that works for everyone's schedule and constraints. \nSOLUTION: Here is the proposed time: Monday, 10:00 - 10:30 \n\nTASK: You need to schedule a meeting for Mason, Bruce and Christopher for half an hour between the work hours of 9:00 to 17:00 on Monday. \n\nHere are the existing schedules for everyone during the day: \nMason has meetings on Monday during 9:30 to 10:00, 11:00 to 11:30, 14:30 to 15:00, 16:30 to 17:00; \nBruce is free the entire day.\nChristopher is busy on Monday during 9:30 to 10:30, 11:30 to 12:30, 15:00 to 17:00; \n\nMason would rather not meet on Monday before 12:30. Find a time that works for everyone's schedule and constraints. \nSOLUTION: Here is the proposed time: Monday, 12:30 - 13:00 \n\nTASK: You need to schedule a meeting for Isabella, Ronald and Amanda for half an hour between the work hours of 9:00 to 17:00 on Monday. \n\nHere are the existing schedules for everyone during the day: \nIsabella is free the entire day.\nRonald has blocked their calendar on Monday during 11:30 to 12:00, 14:00 to 14:30, 16:00 to 17:00; \nAmanda is busy on Monday during 9:30 to 12:00, 12:30 to 13:00, 13:30 to 14:00, 15:30 to 17:00; \n\nIsabella would rather not meet on Monday after 13:00. Find a time that works for everyone's schedule and constraints. \nSOLUTION: "", 'golden_plan': 'Here is the proposed time: Monday, 12:00 - 12:30 ', 'pred_5shot_pro': 'Here is the proposed time: Monday, 12:00 - 12:30 \n', 'prompt_0shot': ""You are an expert at scheduling meetings. You are given a few constraints on the existing schedule of each participant, the meeting duration, and possibly some preferences on the meeting time. Note there exists a solution that works with existing schedule of every participant. Here are a few example tasks and solutions:\n\nTASK: You need to schedule a meeting for Isabella, Ronald and Amanda for half an hour between the work hours of 9:00 to 17:00 on Monday. \n\nHere are the existing schedules for everyone during the day: \nIsabella is free the entire day.\nRonald has blocked their calendar on Monday during 11:30 to 12:00, 14:00 to 14:30, 16:00 to 17:00; \nAmanda is busy on Monday during 9:30 to 12:00, 12:30 to 13:00, 13:30 to 14:00, 15:30 to 17:00; \n\nIsabella would rather not meet on Monday after 13:00. Find a time that works for everyone's schedule and constraints. \nSOLUTION: ""}",True,2903.0,689.0,13.55325436592102,0.0029131,cal_pot
calendar_scheduling_example_57,"Here is the proposed time: Monday, 12:30 - 13:00","{'num_people': '3', 'num_days': '1', 'duration': '0.5', 'prompt_5shot': ""You are an expert at scheduling meetings. You are given a few constraints on the existing schedule of each participant, the meeting duration, and possibly some preferences on the meeting time. Note there exists a solution that works with existing schedule of every participant. Here are a few example tasks and solutions:\n\nTASK: You need to schedule a meeting for Roger, Karen and Dorothy for half an hour between the work hours of 9:00 to 17:00 on Monday. \n\nHere are the existing schedules for everyone during the day: \nRoger's calendar is wide open the entire day.\nKaren has meetings on Monday during 10:00 to 10:30, 11:30 to 12:00, 12:30 to 13:00, 14:00 to 15:00, 15:30 to 16:00; \nDorothy is busy on Monday during 9:00 to 10:00, 10:30 to 11:00, 11:30 to 12:00, 12:30 to 13:00, 14:00 to 15:30, 16:00 to 17:00; \n\nYou would like to schedule the meeting at their earlist availability.\nFind a time that works for everyone's schedule and constraints. \nSOLUTION: Here is the proposed time: Monday, 11:00 - 11:30 \n\nTASK: You need to schedule a meeting for Douglas, Lawrence and Isabella for half an hour between the work hours of 9:00 to 17:00 on Monday. \n\nHere are the existing schedules for everyone during the day: \nDouglas has meetings on Monday during 12:00 to 12:30, 15:00 to 15:30; \nLawrence has meetings on Monday during 10:30 to 12:00, 13:00 to 13:30, 14:00 to 14:30, 15:30 to 16:00; \nIsabella is busy on Monday during 9:00 to 12:30, 13:30 to 17:00; \n\nFind a time that works for everyone's schedule and constraints. \nSOLUTION: Here is the proposed time: Monday, 12:30 - 13:00 \n\nTASK: You need to schedule a meeting for Joshua, Denise and Jeremy for one hour between the work hours of 9:00 to 17:00 on Monday. \n\nHere are the existing schedules for everyone during the day: \nJoshua is busy on Monday during 10:00 to 10:30, 12:00 to 12:30, 14:00 to 14:30, 15:00 to 15:30; \nDenise's calendar is wide open the entire day.\nJeremy has meetings on Monday during 9:30 to 10:30, 12:00 to 13:00, 13:30 to 14:00, 14:30 to 15:00, 15:30 to 16:00, 16:30 to 17:00; \n\nFind a time that works for everyone's schedule and constraints. \nSOLUTION: Here is the proposed time: Monday, 10:30 - 11:30 \n\nTASK: You need to schedule a meeting for Alan, Elizabeth and Denise for half an hour between the work hours of 9:00 to 17:00 on Monday. \n\nHere are the existing schedules for everyone during the day: \nAlan has blocked their calendar on Monday during 13:00 to 13:30, 14:00 to 14:30; \nElizabeth is busy on Monday during 9:00 to 9:30, 11:00 to 11:30; \nDenise has blocked their calendar on Monday during 9:00 to 10:00, 10:30 to 11:30, 12:30 to 13:00, 13:30 to 14:00, 14:30 to 16:00, 16:30 to 17:00; \n\nYou would like to schedule the meeting at their earlist availability.\nFind a time that works for everyone's schedule and constraints. \nSOLUTION: Here is the proposed time: Monday, 10:00 - 10:30 \n\nTASK: You need to schedule a meeting for Mason, Bruce and Christopher for half an hour between the work hours of 9:00 to 17:00 on Monday. \n\nHere are the existing schedules for everyone during the day: \nMason has meetings on Monday during 9:30 to 10:00, 11:00 to 11:30, 14:30 to 15:00, 16:30 to 17:00; \nBruce is free the entire day.\nChristopher is busy on Monday during 9:30 to 10:30, 11:30 to 12:30, 15:00 to 17:00; \n\nMason would rather not meet on Monday before 12:30. Find a time that works for everyone's schedule and constraints. \nSOLUTION: Here is the proposed time: Monday, 12:30 - 13:00 \n\nTASK: You need to schedule a meeting for Virginia, Charles and Megan for half an hour between the work hours of 9:00 to 17:00 on Monday. \n\nHere are the existing schedules for everyone during the day: \nVirginia has meetings on Monday during 10:00 to 12:00; \nCharles has blocked their calendar on Monday during 12:00 to 12:30, 13:00 to 13:30; \nMegan is busy on Monday during 9:00 to 12:00, 13:30 to 16:00, 16:30 to 17:00; \n\nCharles would like to avoid more meetings on Monday before 14:30. Find a time that works for everyone's schedule and constraints. \nSOLUTION: "", 'golden_plan': 'Here is the proposed time: Monday, 16:00 - 16:30 ', 'pred_5shot_pro': ""Here is the proposed time: Monday, 16:00 - 16:30 \n\n**Explanation:**\n\n* **Virginia:** Free after 12:00.\n* **Charles:**  Free after 14:30, fulfilling his preference. \n* **Megan:** Only has a free slot between 16:00 - 16:30.\n\nThis time slot fits the 30-minute meeting duration and accommodates everyone's availability and preferences. \n"", 'prompt_0shot': ""You are an expert at scheduling meetings. You are given a few constraints on the existing schedule of each participant, the meeting duration, and possibly some preferences on the meeting time. Note there exists a solution that works with existing schedule of every participant. Here are a few example tasks and solutions:\n\nTASK: You need to schedule a meeting for Virginia, Charles and Megan for half an hour between the work hours of 9:00 to 17:00 on Monday. \n\nHere are the existing schedules for everyone during the day: \nVirginia has meetings on Monday during 10:00 to 12:00; \nCharles has blocked their calendar on Monday during 12:00 to 12:30, 13:00 to 13:30; \nMegan is busy on Monday during 9:00 to 12:00, 13:30 to 16:00, 16:30 to 17:00; \n\nCharles would like to avoid more meetings on Monday before 14:30. Find a time that works for everyone's schedule and constraints. \nSOLUTION: ""}",False,2836.0,973.0,18.037078142166138,0.0033556999999999997,cal_pot
calendar_scheduling_example_81,"**exception raised**: Code execution failed at line 'slots = find_available_slots(prompt, schedules_dict)' due to: SyntaxError: unterminated string literal (detected at line 29) (<unknown>, line 29)","{'num_people': '3', 'num_days': '1', 'duration': '1', 'prompt_5shot': ""You are an expert at scheduling meetings. You are given a few constraints on the existing schedule of each participant, the meeting duration, and possibly some preferences on the meeting time. Note there exists a solution that works with existing schedule of every participant. Here are a few example tasks and solutions:\n\nTASK: You need to schedule a meeting for Roger, Karen and Dorothy for half an hour between the work hours of 9:00 to 17:00 on Monday. \n\nHere are the existing schedules for everyone during the day: \nRoger's calendar is wide open the entire day.\nKaren has meetings on Monday during 10:00 to 10:30, 11:30 to 12:00, 12:30 to 13:00, 14:00 to 15:00, 15:30 to 16:00; \nDorothy is busy on Monday during 9:00 to 10:00, 10:30 to 11:00, 11:30 to 12:00, 12:30 to 13:00, 14:00 to 15:30, 16:00 to 17:00; \n\nYou would like to schedule the meeting at their earlist availability.\nFind a time that works for everyone's schedule and constraints. \nSOLUTION: Here is the proposed time: Monday, 11:00 - 11:30 \n\nTASK: You need to schedule a meeting for Douglas, Lawrence and Isabella for half an hour between the work hours of 9:00 to 17:00 on Monday. \n\nHere are the existing schedules for everyone during the day: \nDouglas has meetings on Monday during 12:00 to 12:30, 15:00 to 15:30; \nLawrence has meetings on Monday during 10:30 to 12:00, 13:00 to 13:30, 14:00 to 14:30, 15:30 to 16:00; \nIsabella is busy on Monday during 9:00 to 12:30, 13:30 to 17:00; \n\nFind a time that works for everyone's schedule and constraints. \nSOLUTION: Here is the proposed time: Monday, 12:30 - 13:00 \n\nTASK: You need to schedule a meeting for Joshua, Denise and Jeremy for one hour between the work hours of 9:00 to 17:00 on Monday. \n\nHere are the existing schedules for everyone during the day: \nJoshua is busy on Monday during 10:00 to 10:30, 12:00 to 12:30, 14:00 to 14:30, 15:00 to 15:30; \nDenise's calendar is wide open the entire day.\nJeremy has meetings on Monday during 9:30 to 10:30, 12:00 to 13:00, 13:30 to 14:00, 14:30 to 15:00, 15:30 to 16:00, 16:30 to 17:00; \n\nFind a time that works for everyone's schedule and constraints. \nSOLUTION: Here is the proposed time: Monday, 10:30 - 11:30 \n\nTASK: You need to schedule a meeting for Alan, Elizabeth and Denise for half an hour between the work hours of 9:00 to 17:00 on Monday. \n\nHere are the existing schedules for everyone during the day: \nAlan has blocked their calendar on Monday during 13:00 to 13:30, 14:00 to 14:30; \nElizabeth is busy on Monday during 9:00 to 9:30, 11:00 to 11:30; \nDenise has blocked their calendar on Monday during 9:00 to 10:00, 10:30 to 11:30, 12:30 to 13:00, 13:30 to 14:00, 14:30 to 16:00, 16:30 to 17:00; \n\nYou would like to schedule the meeting at their earlist availability.\nFind a time that works for everyone's schedule and constraints. \nSOLUTION: Here is the proposed time: Monday, 10:00 - 10:30 \n\nTASK: You need to schedule a meeting for Mason, Bruce and Christopher for half an hour between the work hours of 9:00 to 17:00 on Monday. \n\nHere are the existing schedules for everyone during the day: \nMason has meetings on Monday during 9:30 to 10:00, 11:00 to 11:30, 14:30 to 15:00, 16:30 to 17:00; \nBruce is free the entire day.\nChristopher is busy on Monday during 9:30 to 10:30, 11:30 to 12:30, 15:00 to 17:00; \n\nMason would rather not meet on Monday before 12:30. Find a time that works for everyone's schedule and constraints. \nSOLUTION: Here is the proposed time: Monday, 12:30 - 13:00 \n\nTASK: You need to schedule a meeting for Jeremy, Lawrence and Helen for one hour between the work hours of 9:00 to 17:00 on Monday. \n\nHere are the existing schedules for everyone during the day: \nJeremy has blocked their calendar on Monday during 14:30 to 15:30; \nLawrence has meetings on Monday during 15:30 to 16:00, 16:30 to 17:00; \nHelen has blocked their calendar on Monday during 9:30 to 10:00, 10:30 to 11:00, 11:30 to 12:00, 13:00 to 14:00, 15:00 to 15:30, 16:00 to 17:00; \n\nFind a time that works for everyone's schedule and constraints. \nSOLUTION: "", 'golden_plan': 'Here is the proposed time: Monday, 12:00 - 13:00 ', 'pred_5shot_pro': 'Here is the proposed time: Monday, 12:00 - 13:00 \n', 'prompt_0shot': ""You are an expert at scheduling meetings. You are given a few constraints on the existing schedule of each participant, the meeting duration, and possibly some preferences on the meeting time. Note there exists a solution that works with existing schedule of every participant. Here are a few example tasks and solutions:\n\nTASK: You need to schedule a meeting for Jeremy, Lawrence and Helen for one hour between the work hours of 9:00 to 17:00 on Monday. \n\nHere are the existing schedules for everyone during the day: \nJeremy has blocked their calendar on Monday during 14:30 to 15:30; \nLawrence has meetings on Monday during 15:30 to 16:00, 16:30 to 17:00; \nHelen has blocked their calendar on Monday during 9:30 to 10:00, 10:30 to 11:00, 11:30 to 12:00, 13:00 to 14:00, 15:00 to 15:30, 16:00 to 17:00; \n\nFind a time that works for everyone's schedule and constraints. \nSOLUTION: ""}",False,2588.0,3005.0,65.54667162895203,0.0066613,cal_pot
calendar_scheduling_example_141,"Here is the proposed time: Monday, 15:00 - 15:30","{'num_people': '4', 'num_days': '1', 'duration': '0.5', 'prompt_5shot': ""You are an expert at scheduling meetings. You are given a few constraints on the existing schedule of each participant, the meeting duration, and possibly some preferences on the meeting time. Note there exists a solution that works with existing schedule of every participant. Here are a few example tasks and solutions:\n\nTASK: You need to schedule a meeting for Carol, Cynthia, Judith and Peter for half an hour between the work hours of 9:00 to 17:00 on Monday. \n\nHere are the existing schedules for everyone during the day: \nCarol has meetings on Monday during 11:00 to 11:30, 12:30 to 14:00, 14:30 to 15:30; \nCynthiahas no meetings the whole day.\nJudith has meetings on Monday during 9:00 to 11:30, 12:00 to 13:00, 13:30 to 14:30, 15:00 to 16:30; \nPeter is busy on Monday during 9:00 to 9:30, 10:00 to 16:30; \n\nFind a time that works for everyone's schedule and constraints. \nSOLUTION: Here is the proposed time: Monday, 16:30 - 17:00 \n\nTASK: You need to schedule a meeting for Karen, Carl, Margaret and Lori for half an hour between the work hours of 9:00 to 17:00 on Monday. \n\nHere are the existing schedules for everyone during the day: \nKaren is busy on Monday during 9:30 to 10:00, 11:00 to 12:00, 15:30 to 16:00; \nCarl is busy on Monday during 9:30 to 10:30, 11:00 to 11:30, 13:00 to 13:30, 14:00 to 14:30, 16:00 to 16:30; \nMargaret is busy on Monday during 9:00 to 14:30, 15:00 to 16:30; \nLori is busy on Monday during 9:00 to 12:30, 13:30 to 14:00, 15:30 to 16:00, 16:30 to 17:00; \n\nFind a time that works for everyone's schedule and constraints. \nSOLUTION: Here is the proposed time: Monday, 14:30 - 15:00 \n\nTASK: You need to schedule a meeting for Lawrence, Brenda, Keith and Kevin for half an hour between the work hours of 9:00 to 17:00 on Monday. \n\nHere are the existing schedules for everyone during the day: \nLawrence has meetings on Monday during 9:30 to 10:00, 11:00 to 11:30, 12:00 to 12:30, 13:30 to 15:00; \nBrenda has meetings on Monday during 9:30 to 10:00, 13:00 to 13:30, 14:00 to 14:30, 16:30 to 17:00; \nKeith has blocked their calendar on Monday during 10:00 to 10:30, 12:00 to 13:00, 14:00 to 16:00, 16:30 to 17:00; \nKevin has blocked their calendar on Monday during 9:00 to 9:30, 10:00 to 10:30, 12:30 to 13:30, 14:00 to 15:00, 15:30 to 16:00, 16:30 to 17:00; \n\nLawrence do not want to meet on Monday after 14:30. Find a time that works for everyone's schedule and constraints. \nSOLUTION: Here is the proposed time: Monday, 11:30 - 12:00 \n\nTASK: You need to schedule a meeting for Marilyn, Pamela, Karen and Nancy for half an hour between the work hours of 9:00 to 17:00 on Monday. \n\nHere are the existing schedules for everyone during the day: \nMarilyn has meetings on Monday during 9:30 to 10:30, 11:00 to 11:30, 12:00 to 13:00, 15:30 to 16:00; \nPamela has blocked their calendar on Monday during 11:00 to 11:30, 14:00 to 14:30; \nKaren is busy on Monday during 9:00 to 10:00, 10:30 to 11:30, 12:30 to 13:30, 14:00 to 14:30, 15:00 to 16:00, 16:30 to 17:00; \nNancy is busy on Monday during 9:00 to 12:00, 12:30 to 13:00, 13:30 to 14:00, 15:30 to 16:00, 16:30 to 17:00; \n\nMarilyn would like to avoid more meetings on Monday after 15:00. Find a time that works for everyone's schedule and constraints. \nSOLUTION: Here is the proposed time: Monday, 14:30 - 15:00 \n\nTASK: You need to schedule a meeting for Jeremy, Sara, Jerry and Kathleen for half an hour between the work hours of 9:00 to 17:00 on Monday. \n\nHere are the existing schedules for everyone during the day: \nJeremyhas no meetings the whole day.\nSara has blocked their calendar on Monday during 14:30 to 15:00, 16:30 to 17:00; \nJerry has blocked their calendar on Monday during 9:30 to 10:30, 11:00 to 12:00, 13:30 to 14:00, 14:30 to 17:00; \nKathleen has meetings on Monday during 9:00 to 9:30, 10:00 to 11:00, 11:30 to 12:30, 14:00 to 14:30, 15:30 to 16:00, 16:30 to 17:00; \n\nFind a time that works for everyone's schedule and constraints. \nSOLUTION: Here is the proposed time: Monday, 12:30 - 13:00 \n\nTASK: You need to schedule a meeting for Linda, Samantha, Ralph and Katherine for half an hour between the work hours of 9:00 to 17:00 on Monday. \n\nHere are the existing schedules for everyone during the day: \nLinda has blocked their calendar on Monday during 10:00 to 11:30, 12:00 to 12:30, 13:00 to 14:00; \nSamantha is busy on Monday during 10:30 to 11:00, 16:00 to 16:30; \nRalph has meetings on Monday during 9:00 to 10:00, 10:30 to 12:00, 12:30 to 13:30, 14:00 to 15:00, 16:30 to 17:00; \nKatherine has blocked their calendar on Monday during 10:00 to 12:30, 13:30 to 14:00, 14:30 to 15:00, 15:30 to 16:00; \n\nFind a time that works for everyone's schedule and constraints. \nSOLUTION: "", 'golden_plan': 'Here is the proposed time: Monday, 15:00 - 15:30 ', 'pred_5shot_pro': 'Here is the proposed time: Monday, 15:00 - 15:30 \n', 'prompt_0shot': ""You are an expert at scheduling meetings. You are given a few constraints on the existing schedule of each participant, the meeting duration, and possibly some preferences on the meeting time. Note there exists a solution that works with existing schedule of every participant. Here are a few example tasks and solutions:\n\nTASK: You need to schedule a meeting for Linda, Samantha, Ralph and Katherine for half an hour between the work hours of 9:00 to 17:00 on Monday. \n\nHere are the existing schedules for everyone during the day: \nLinda has blocked their calendar on Monday during 10:00 to 11:30, 12:00 to 12:30, 13:00 to 14:00; \nSamantha is busy on Monday during 10:30 to 11:00, 16:00 to 16:30; \nRalph has meetings on Monday during 9:00 to 10:00, 10:30 to 12:00, 12:30 to 13:30, 14:00 to 15:00, 16:30 to 17:00; \nKatherine has blocked their calendar on Monday during 10:00 to 12:30, 13:30 to 14:00, 14:30 to 15:00, 15:30 to 16:00; \n\nFind a time that works for everyone's schedule and constraints. \nSOLUTION: ""}",True,3172.0,1827.0,26.268858909606934,0.0050091,cal_pot
calendar_scheduling_example_197,"Here is the proposed time: Monday, 14:00 - 14:30","{'num_people': '4', 'num_days': '1', 'duration': '0.5', 'prompt_5shot': ""You are an expert at scheduling meetings. You are given a few constraints on the existing schedule of each participant, the meeting duration, and possibly some preferences on the meeting time. Note there exists a solution that works with existing schedule of every participant. Here are a few example tasks and solutions:\n\nTASK: You need to schedule a meeting for Carol, Cynthia, Judith and Peter for half an hour between the work hours of 9:00 to 17:00 on Monday. \n\nHere are the existing schedules for everyone during the day: \nCarol has meetings on Monday during 11:00 to 11:30, 12:30 to 14:00, 14:30 to 15:30; \nCynthiahas no meetings the whole day.\nJudith has meetings on Monday during 9:00 to 11:30, 12:00 to 13:00, 13:30 to 14:30, 15:00 to 16:30; \nPeter is busy on Monday during 9:00 to 9:30, 10:00 to 16:30; \n\nFind a time that works for everyone's schedule and constraints. \nSOLUTION: Here is the proposed time: Monday, 16:30 - 17:00 \n\nTASK: You need to schedule a meeting for Karen, Carl, Margaret and Lori for half an hour between the work hours of 9:00 to 17:00 on Monday. \n\nHere are the existing schedules for everyone during the day: \nKaren is busy on Monday during 9:30 to 10:00, 11:00 to 12:00, 15:30 to 16:00; \nCarl is busy on Monday during 9:30 to 10:30, 11:00 to 11:30, 13:00 to 13:30, 14:00 to 14:30, 16:00 to 16:30; \nMargaret is busy on Monday during 9:00 to 14:30, 15:00 to 16:30; \nLori is busy on Monday during 9:00 to 12:30, 13:30 to 14:00, 15:30 to 16:00, 16:30 to 17:00; \n\nFind a time that works for everyone's schedule and constraints. \nSOLUTION: Here is the proposed time: Monday, 14:30 - 15:00 \n\nTASK: You need to schedule a meeting for Lawrence, Brenda, Keith and Kevin for half an hour between the work hours of 9:00 to 17:00 on Monday. \n\nHere are the existing schedules for everyone during the day: \nLawrence has meetings on Monday during 9:30 to 10:00, 11:00 to 11:30, 12:00 to 12:30, 13:30 to 15:00; \nBrenda has meetings on Monday during 9:30 to 10:00, 13:00 to 13:30, 14:00 to 14:30, 16:30 to 17:00; \nKeith has blocked their calendar on Monday during 10:00 to 10:30, 12:00 to 13:00, 14:00 to 16:00, 16:30 to 17:00; \nKevin has blocked their calendar on Monday during 9:00 to 9:30, 10:00 to 10:30, 12:30 to 13:30, 14:00 to 15:00, 15:30 to 16:00, 16:30 to 17:00; \n\nLawrence do not want to meet on Monday after 14:30. Find a time that works for everyone's schedule and constraints. \nSOLUTION: Here is the proposed time: Monday, 11:30 - 12:00 \n\nTASK: You need to schedule a meeting for Marilyn, Pamela, Karen and Nancy for half an hour between the work hours of 9:00 to 17:00 on Monday. \n\nHere are the existing schedules for everyone during the day: \nMarilyn has meetings on Monday during 9:30 to 10:30, 11:00 to 11:30, 12:00 to 13:00, 15:30 to 16:00; \nPamela has blocked their calendar on Monday during 11:00 to 11:30, 14:00 to 14:30; \nKaren is busy on Monday during 9:00 to 10:00, 10:30 to 11:30, 12:30 to 13:30, 14:00 to 14:30, 15:00 to 16:00, 16:30 to 17:00; \nNancy is busy on Monday during 9:00 to 12:00, 12:30 to 13:00, 13:30 to 14:00, 15:30 to 16:00, 16:30 to 17:00; \n\nMarilyn would like to avoid more meetings on Monday after 15:00. Find a time that works for everyone's schedule and constraints. \nSOLUTION: Here is the proposed time: Monday, 14:30 - 15:00 \n\nTASK: You need to schedule a meeting for Jeremy, Sara, Jerry and Kathleen for half an hour between the work hours of 9:00 to 17:00 on Monday. \n\nHere are the existing schedules for everyone during the day: \nJeremyhas no meetings the whole day.\nSara has blocked their calendar on Monday during 14:30 to 15:00, 16:30 to 17:00; \nJerry has blocked their calendar on Monday during 9:30 to 10:30, 11:00 to 12:00, 13:30 to 14:00, 14:30 to 17:00; \nKathleen has meetings on Monday during 9:00 to 9:30, 10:00 to 11:00, 11:30 to 12:30, 14:00 to 14:30, 15:30 to 16:00, 16:30 to 17:00; \n\nFind a time that works for everyone's schedule and constraints. \nSOLUTION: Here is the proposed time: Monday, 12:30 - 13:00 \n\nTASK: You need to schedule a meeting for Hannah, Austin, Donna and Bobby for half an hour between the work hours of 9:00 to 17:00 on Monday. \n\nHere are the existing schedules for everyone during the day: \nHannah is free the entire day.\nAustin has blocked their calendar on Monday during 9:00 to 10:00, 12:00 to 12:30, 16:30 to 17:00; \nDonna has blocked their calendar on Monday during 9:00 to 10:00, 10:30 to 13:00, 13:30 to 14:00; \nBobby is busy on Monday during 9:00 to 12:30, 13:00 to 15:00, 15:30 to 17:00; \n\nFind a time that works for everyone's schedule and constraints. \nSOLUTION: "", 'golden_plan': 'Here is the proposed time: Monday, 15:00 - 15:30 ', 'pred_5shot_pro': 'Here is the proposed time: Monday, 15:00 - 15:30 \n', 'prompt_0shot': ""You are an expert at scheduling meetings. You are given a few constraints on the existing schedule of each participant, the meeting duration, and possibly some preferences on the meeting time. Note there exists a solution that works with existing schedule of every participant. Here are a few example tasks and solutions:\n\nTASK: You need to schedule a meeting for Hannah, Austin, Donna and Bobby for half an hour between the work hours of 9:00 to 17:00 on Monday. \n\nHere are the existing schedules for everyone during the day: \nHannah is free the entire day.\nAustin has blocked their calendar on Monday during 9:00 to 10:00, 12:00 to 12:30, 16:30 to 17:00; \nDonna has blocked their calendar on Monday during 9:00 to 10:00, 10:30 to 13:00, 13:30 to 14:00; \nBobby is busy on Monday during 9:00 to 12:30, 13:00 to 15:00, 15:30 to 17:00; \n\nFind a time that works for everyone's schedule and constraints. \nSOLUTION: ""}",False,2989.0,1005.0,21.34666895866394,0.0035018999999999996,cal_pot
calendar_scheduling_example_118,"**exception raised**: Code execution failed at line 'slots = find_available_slots(prompt, schedules)' due to: SyntaxError: unterminated string literal (detected at line 18) (<unknown>, line 18)","{'num_people': '4', 'num_days': '1', 'duration': '0.5', 'prompt_5shot': ""You are an expert at scheduling meetings. You are given a few constraints on the existing schedule of each participant, the meeting duration, and possibly some preferences on the meeting time. Note there exists a solution that works with existing schedule of every participant. Here are a few example tasks and solutions:\n\nTASK: You need to schedule a meeting for Carol, Cynthia, Judith and Peter for half an hour between the work hours of 9:00 to 17:00 on Monday. \n\nHere are the existing schedules for everyone during the day: \nCarol has meetings on Monday during 11:00 to 11:30, 12:30 to 14:00, 14:30 to 15:30; \nCynthiahas no meetings the whole day.\nJudith has meetings on Monday during 9:00 to 11:30, 12:00 to 13:00, 13:30 to 14:30, 15:00 to 16:30; \nPeter is busy on Monday during 9:00 to 9:30, 10:00 to 16:30; \n\nFind a time that works for everyone's schedule and constraints. \nSOLUTION: Here is the proposed time: Monday, 16:30 - 17:00 \n\nTASK: You need to schedule a meeting for Karen, Carl, Margaret and Lori for half an hour between the work hours of 9:00 to 17:00 on Monday. \n\nHere are the existing schedules for everyone during the day: \nKaren is busy on Monday during 9:30 to 10:00, 11:00 to 12:00, 15:30 to 16:00; \nCarl is busy on Monday during 9:30 to 10:30, 11:00 to 11:30, 13:00 to 13:30, 14:00 to 14:30, 16:00 to 16:30; \nMargaret is busy on Monday during 9:00 to 14:30, 15:00 to 16:30; \nLori is busy on Monday during 9:00 to 12:30, 13:30 to 14:00, 15:30 to 16:00, 16:30 to 17:00; \n\nFind a time that works for everyone's schedule and constraints. \nSOLUTION: Here is the proposed time: Monday, 14:30 - 15:00 \n\nTASK: You need to schedule a meeting for Lawrence, Brenda, Keith and Kevin for half an hour between the work hours of 9:00 to 17:00 on Monday. \n\nHere are the existing schedules for everyone during the day: \nLawrence has meetings on Monday during 9:30 to 10:00, 11:00 to 11:30, 12:00 to 12:30, 13:30 to 15:00; \nBrenda has meetings on Monday during 9:30 to 10:00, 13:00 to 13:30, 14:00 to 14:30, 16:30 to 17:00; \nKeith has blocked their calendar on Monday during 10:00 to 10:30, 12:00 to 13:00, 14:00 to 16:00, 16:30 to 17:00; \nKevin has blocked their calendar on Monday during 9:00 to 9:30, 10:00 to 10:30, 12:30 to 13:30, 14:00 to 15:00, 15:30 to 16:00, 16:30 to 17:00; \n\nLawrence do not want to meet on Monday after 14:30. Find a time that works for everyone's schedule and constraints. \nSOLUTION: Here is the proposed time: Monday, 11:30 - 12:00 \n\nTASK: You need to schedule a meeting for Marilyn, Pamela, Karen and Nancy for half an hour between the work hours of 9:00 to 17:00 on Monday. \n\nHere are the existing schedules for everyone during the day: \nMarilyn has meetings on Monday during 9:30 to 10:30, 11:00 to 11:30, 12:00 to 13:00, 15:30 to 16:00; \nPamela has blocked their calendar on Monday during 11:00 to 11:30, 14:00 to 14:30; \nKaren is busy on Monday during 9:00 to 10:00, 10:30 to 11:30, 12:30 to 13:30, 14:00 to 14:30, 15:00 to 16:00, 16:30 to 17:00; \nNancy is busy on Monday during 9:00 to 12:00, 12:30 to 13:00, 13:30 to 14:00, 15:30 to 16:00, 16:30 to 17:00; \n\nMarilyn would like to avoid more meetings on Monday after 15:00. Find a time that works for everyone's schedule and constraints. \nSOLUTION: Here is the proposed time: Monday, 14:30 - 15:00 \n\nTASK: You need to schedule a meeting for Jeremy, Sara, Jerry and Kathleen for half an hour between the work hours of 9:00 to 17:00 on Monday. \n\nHere are the existing schedules for everyone during the day: \nJeremyhas no meetings the whole day.\nSara has blocked their calendar on Monday during 14:30 to 15:00, 16:30 to 17:00; \nJerry has blocked their calendar on Monday during 9:30 to 10:30, 11:00 to 12:00, 13:30 to 14:00, 14:30 to 17:00; \nKathleen has meetings on Monday during 9:00 to 9:30, 10:00 to 11:00, 11:30 to 12:30, 14:00 to 14:30, 15:30 to 16:00, 16:30 to 17:00; \n\nFind a time that works for everyone's schedule and constraints. \nSOLUTION: Here is the proposed time: Monday, 12:30 - 13:00 \n\nTASK: You need to schedule a meeting for Ruth, Angela, Lisa and Cheryl for half an hour between the work hours of 9:00 to 17:00 on Monday. \n\nHere are the existing schedules for everyone during the day: \nRuth has blocked their calendar on Monday during 9:30 to 10:00, 11:00 to 11:30, 12:00 to 12:30, 13:00 to 13:30, 14:30 to 15:00, 16:00 to 16:30; \nAngela has meetings on Monday during 9:00 to 9:30, 12:30 to 13:00, 13:30 to 15:00, 16:00 to 16:30; \nLisa has blocked their calendar on Monday during 10:30 to 11:00, 11:30 to 14:00, 14:30 to 15:30, 16:00 to 17:00; \nCheryl has meetings on Monday during 9:00 to 10:30, 11:00 to 11:30, 12:30 to 14:00, 16:00 to 16:30; \n\nFind a time that works for everyone's schedule and constraints. \nSOLUTION: "", 'golden_plan': 'Here is the proposed time: Monday, 15:30 - 16:00 ', 'pred_5shot_pro': 'Here is the proposed time: Monday, 15:30 - 16:00 \n', 'prompt_0shot': ""You are an expert at scheduling meetings. You are given a few constraints on the existing schedule of each participant, the meeting duration, and possibly some preferences on the meeting time. Note there exists a solution that works with existing schedule of every participant. Here are a few example tasks and solutions:\n\nTASK: You need to schedule a meeting for Ruth, Angela, Lisa and Cheryl for half an hour between the work hours of 9:00 to 17:00 on Monday. \n\nHere are the existing schedules for everyone during the day: \nRuth has blocked their calendar on Monday during 9:30 to 10:00, 11:00 to 11:30, 12:00 to 12:30, 13:00 to 13:30, 14:30 to 15:00, 16:00 to 16:30; \nAngela has meetings on Monday during 9:00 to 9:30, 12:30 to 13:00, 13:30 to 15:00, 16:00 to 16:30; \nLisa has blocked their calendar on Monday during 10:30 to 11:00, 11:30 to 14:00, 14:30 to 15:30, 16:00 to 17:00; \nCheryl has meetings on Monday during 9:00 to 10:30, 11:00 to 11:30, 12:30 to 14:00, 16:00 to 16:30; \n\nFind a time that works for everyone's schedule and constraints. \nSOLUTION: ""}",False,2992.0,2932.0,55.566863775253296,0.0067796,cal_pot
calendar_scheduling_example_189,"**exception raised**: Code execution failed at line 'slots = find_available_slots(prompt, schedules_dict)' due to: SyntaxError: unterminated string literal (detected at line 27) (<unknown>, line 27)","{'num_people': '4', 'num_days': '1', 'duration': '0.5', 'prompt_5shot': ""You are an expert at scheduling meetings. You are given a few constraints on the existing schedule of each participant, the meeting duration, and possibly some preferences on the meeting time. Note there exists a solution that works with existing schedule of every participant. Here are a few example tasks and solutions:\n\nTASK: You need to schedule a meeting for Carol, Cynthia, Judith and Peter for half an hour between the work hours of 9:00 to 17:00 on Monday. \n\nHere are the existing schedules for everyone during the day: \nCarol has meetings on Monday during 11:00 to 11:30, 12:30 to 14:00, 14:30 to 15:30; \nCynthiahas no meetings the whole day.\nJudith has meetings on Monday during 9:00 to 11:30, 12:00 to 13:00, 13:30 to 14:30, 15:00 to 16:30; \nPeter is busy on Monday during 9:00 to 9:30, 10:00 to 16:30; \n\nFind a time that works for everyone's schedule and constraints. \nSOLUTION: Here is the proposed time: Monday, 16:30 - 17:00 \n\nTASK: You need to schedule a meeting for Karen, Carl, Margaret and Lori for half an hour between the work hours of 9:00 to 17:00 on Monday. \n\nHere are the existing schedules for everyone during the day: \nKaren is busy on Monday during 9:30 to 10:00, 11:00 to 12:00, 15:30 to 16:00; \nCarl is busy on Monday during 9:30 to 10:30, 11:00 to 11:30, 13:00 to 13:30, 14:00 to 14:30, 16:00 to 16:30; \nMargaret is busy on Monday during 9:00 to 14:30, 15:00 to 16:30; \nLori is busy on Monday during 9:00 to 12:30, 13:30 to 14:00, 15:30 to 16:00, 16:30 to 17:00; \n\nFind a time that works for everyone's schedule and constraints. \nSOLUTION: Here is the proposed time: Monday, 14:30 - 15:00 \n\nTASK: You need to schedule a meeting for Lawrence, Brenda, Keith and Kevin for half an hour between the work hours of 9:00 to 17:00 on Monday. \n\nHere are the existing schedules for everyone during the day: \nLawrence has meetings on Monday during 9:30 to 10:00, 11:00 to 11:30, 12:00 to 12:30, 13:30 to 15:00; \nBrenda has meetings on Monday during 9:30 to 10:00, 13:00 to 13:30, 14:00 to 14:30, 16:30 to 17:00; \nKeith has blocked their calendar on Monday during 10:00 to 10:30, 12:00 to 13:00, 14:00 to 16:00, 16:30 to 17:00; \nKevin has blocked their calendar on Monday during 9:00 to 9:30, 10:00 to 10:30, 12:30 to 13:30, 14:00 to 15:00, 15:30 to 16:00, 16:30 to 17:00; \n\nLawrence do not want to meet on Monday after 14:30. Find a time that works for everyone's schedule and constraints. \nSOLUTION: Here is the proposed time: Monday, 11:30 - 12:00 \n\nTASK: You need to schedule a meeting for Marilyn, Pamela, Karen and Nancy for half an hour between the work hours of 9:00 to 17:00 on Monday. \n\nHere are the existing schedules for everyone during the day: \nMarilyn has meetings on Monday during 9:30 to 10:30, 11:00 to 11:30, 12:00 to 13:00, 15:30 to 16:00; \nPamela has blocked their calendar on Monday during 11:00 to 11:30, 14:00 to 14:30; \nKaren is busy on Monday during 9:00 to 10:00, 10:30 to 11:30, 12:30 to 13:30, 14:00 to 14:30, 15:00 to 16:00, 16:30 to 17:00; \nNancy is busy on Monday during 9:00 to 12:00, 12:30 to 13:00, 13:30 to 14:00, 15:30 to 16:00, 16:30 to 17:00; \n\nMarilyn would like to avoid more meetings on Monday after 15:00. Find a time that works for everyone's schedule and constraints. \nSOLUTION: Here is the proposed time: Monday, 14:30 - 15:00 \n\nTASK: You need to schedule a meeting for Jeremy, Sara, Jerry and Kathleen for half an hour between the work hours of 9:00 to 17:00 on Monday. \n\nHere are the existing schedules for everyone during the day: \nJeremyhas no meetings the whole day.\nSara has blocked their calendar on Monday during 14:30 to 15:00, 16:30 to 17:00; \nJerry has blocked their calendar on Monday during 9:30 to 10:30, 11:00 to 12:00, 13:30 to 14:00, 14:30 to 17:00; \nKathleen has meetings on Monday during 9:00 to 9:30, 10:00 to 11:00, 11:30 to 12:30, 14:00 to 14:30, 15:30 to 16:00, 16:30 to 17:00; \n\nFind a time that works for everyone's schedule and constraints. \nSOLUTION: Here is the proposed time: Monday, 12:30 - 13:00 \n\nTASK: You need to schedule a meeting for Judy, Lori, Andrea and Mark for half an hour between the work hours of 9:00 to 17:00 on Monday. \n\nHere are the existing schedules for everyone during the day: \nJudy is busy on Monday during 9:30 to 10:00, 15:00 to 15:30; \nLori has meetings on Monday during 14:30 to 15:00, 16:00 to 16:30; \nAndrea is busy on Monday during 9:00 to 9:30, 10:30 to 11:30, 12:30 to 13:00, 13:30 to 14:00, 15:00 to 16:00, 16:30 to 17:00; \nMark is busy on Monday during 9:30 to 14:00, 14:30 to 15:00, 16:00 to 17:00; \n\nFind a time that works for everyone's schedule and constraints. \nSOLUTION: "", 'golden_plan': 'Here is the proposed time: Monday, 14:00 - 14:30 ', 'pred_5shot_pro': ""Here is the proposed time: **Monday, 10:00 - 10:30** \n\nLet's break down why this works:\n\n* **Judy:** Free during this time.\n* **Lori:** Free during this time.\n* **Andrea:**  Has a meeting from 10:30-11:30, but is free from 10:00-10:30.\n* **Mark:** Has a meeting that starts at 9:30 and ends at 14:00, but is free from 10:00-10:30. \n"", 'prompt_0shot': ""You are an expert at scheduling meetings. You are given a few constraints on the existing schedule of each participant, the meeting duration, and possibly some preferences on the meeting time. Note there exists a solution that works with existing schedule of every participant. Here are a few example tasks and solutions:\n\nTASK: You need to schedule a meeting for Judy, Lori, Andrea and Mark for half an hour between the work hours of 9:00 to 17:00 on Monday. \n\nHere are the existing schedules for everyone during the day: \nJudy is busy on Monday during 9:30 to 10:00, 15:00 to 15:30; \nLori has meetings on Monday during 14:30 to 15:00, 16:00 to 16:30; \nAndrea is busy on Monday during 9:00 to 9:30, 10:30 to 11:30, 12:30 to 13:00, 13:30 to 14:00, 15:00 to 16:00, 16:30 to 17:00; \nMark is busy on Monday during 9:30 to 14:00, 14:30 to 15:00, 16:00 to 17:00; \n\nFind a time that works for everyone's schedule and constraints. \nSOLUTION: ""}",False,2786.0,3110.0,94.74144577980042,0.0069586000000000005,cal_pot
calendar_scheduling_example_164,"**exception raised**: Code execution failed at line 'slots = find_available_slots(prompt, schedules_dict)' due to: SyntaxError: unterminated string literal (detected at line 68) (<unknown>, line 68)","{'num_people': '4', 'num_days': '1', 'duration': '0.5', 'prompt_5shot': ""You are an expert at scheduling meetings. You are given a few constraints on the existing schedule of each participant, the meeting duration, and possibly some preferences on the meeting time. Note there exists a solution that works with existing schedule of every participant. Here are a few example tasks and solutions:\n\nTASK: You need to schedule a meeting for Carol, Cynthia, Judith and Peter for half an hour between the work hours of 9:00 to 17:00 on Monday. \n\nHere are the existing schedules for everyone during the day: \nCarol has meetings on Monday during 11:00 to 11:30, 12:30 to 14:00, 14:30 to 15:30; \nCynthiahas no meetings the whole day.\nJudith has meetings on Monday during 9:00 to 11:30, 12:00 to 13:00, 13:30 to 14:30, 15:00 to 16:30; \nPeter is busy on Monday during 9:00 to 9:30, 10:00 to 16:30; \n\nFind a time that works for everyone's schedule and constraints. \nSOLUTION: Here is the proposed time: Monday, 16:30 - 17:00 \n\nTASK: You need to schedule a meeting for Karen, Carl, Margaret and Lori for half an hour between the work hours of 9:00 to 17:00 on Monday. \n\nHere are the existing schedules for everyone during the day: \nKaren is busy on Monday during 9:30 to 10:00, 11:00 to 12:00, 15:30 to 16:00; \nCarl is busy on Monday during 9:30 to 10:30, 11:00 to 11:30, 13:00 to 13:30, 14:00 to 14:30, 16:00 to 16:30; \nMargaret is busy on Monday during 9:00 to 14:30, 15:00 to 16:30; \nLori is busy on Monday during 9:00 to 12:30, 13:30 to 14:00, 15:30 to 16:00, 16:30 to 17:00; \n\nFind a time that works for everyone's schedule and constraints. \nSOLUTION: Here is the proposed time: Monday, 14:30 - 15:00 \n\nTASK: You need to schedule a meeting for Lawrence, Brenda, Keith and Kevin for half an hour between the work hours of 9:00 to 17:00 on Monday. \n\nHere are the existing schedules for everyone during the day: \nLawrence has meetings on Monday during 9:30 to 10:00, 11:00 to 11:30, 12:00 to 12:30, 13:30 to 15:00; \nBrenda has meetings on Monday during 9:30 to 10:00, 13:00 to 13:30, 14:00 to 14:30, 16:30 to 17:00; \nKeith has blocked their calendar on Monday during 10:00 to 10:30, 12:00 to 13:00, 14:00 to 16:00, 16:30 to 17:00; \nKevin has blocked their calendar on Monday during 9:00 to 9:30, 10:00 to 10:30, 12:30 to 13:30, 14:00 to 15:00, 15:30 to 16:00, 16:30 to 17:00; \n\nLawrence do not want to meet on Monday after 14:30. Find a time that works for everyone's schedule and constraints. \nSOLUTION: Here is the proposed time: Monday, 11:30 - 12:00 \n\nTASK: You need to schedule a meeting for Marilyn, Pamela, Karen and Nancy for half an hour between the work hours of 9:00 to 17:00 on Monday. \n\nHere are the existing schedules for everyone during the day: \nMarilyn has meetings on Monday during 9:30 to 10:30, 11:00 to 11:30, 12:00 to 13:00, 15:30 to 16:00; \nPamela has blocked their calendar on Monday during 11:00 to 11:30, 14:00 to 14:30; \nKaren is busy on Monday during 9:00 to 10:00, 10:30 to 11:30, 12:30 to 13:30, 14:00 to 14:30, 15:00 to 16:00, 16:30 to 17:00; \nNancy is busy on Monday during 9:00 to 12:00, 12:30 to 13:00, 13:30 to 14:00, 15:30 to 16:00, 16:30 to 17:00; \n\nMarilyn would like to avoid more meetings on Monday after 15:00. Find a time that works for everyone's schedule and constraints. \nSOLUTION: Here is the proposed time: Monday, 14:30 - 15:00 \n\nTASK: You need to schedule a meeting for Jeremy, Sara, Jerry and Kathleen for half an hour between the work hours of 9:00 to 17:00 on Monday. \n\nHere are the existing schedules for everyone during the day: \nJeremyhas no meetings the whole day.\nSara has blocked their calendar on Monday during 14:30 to 15:00, 16:30 to 17:00; \nJerry has blocked their calendar on Monday during 9:30 to 10:30, 11:00 to 12:00, 13:30 to 14:00, 14:30 to 17:00; \nKathleen has meetings on Monday during 9:00 to 9:30, 10:00 to 11:00, 11:30 to 12:30, 14:00 to 14:30, 15:30 to 16:00, 16:30 to 17:00; \n\nFind a time that works for everyone's schedule and constraints. \nSOLUTION: Here is the proposed time: Monday, 12:30 - 13:00 \n\nTASK: You need to schedule a meeting for Jennifer, Jean, Jerry and Carl for half an hour between the work hours of 9:00 to 17:00 on Monday. \n\nHere are the existing schedules for everyone during the day: \nJennifer has meetings on Monday during 12:30 to 13:00, 15:30 to 16:00; \nJean has blocked their calendar on Monday during 12:00 to 12:30, 13:00 to 13:30, 14:00 to 15:00, 15:30 to 16:00, 16:30 to 17:00; \nJerry has blocked their calendar on Monday during 9:00 to 9:30, 10:00 to 11:00, 11:30 to 12:00, 13:00 to 13:30, 14:00 to 14:30, 15:30 to 16:00, 16:30 to 17:00; \nCarl has blocked their calendar on Monday during 9:00 to 11:00, 12:00 to 13:00, 13:30 to 14:00, 15:30 to 16:00; \n\nJean would like to avoid more meetings on Monday after 15:30. Find a time that works for everyone's schedule and constraints. \nSOLUTION: "", 'golden_plan': 'Here is the proposed time: Monday, 15:00 - 15:30 ', 'pred_5shot_pro': ""Here is the proposed time: **Monday, 11:00 - 11:30** \n\nLet's break down why this works:\n\n* **Jennifer:** Free during this time.\n* **Jean:** Free during this time, and it meets their preference to avoid meetings after 15:30.\n* **Jerry:** Free during this time.\n* **Carl:** Free during this time. \n"", 'prompt_0shot': ""You are an expert at scheduling meetings. You are given a few constraints on the existing schedule of each participant, the meeting duration, and possibly some preferences on the meeting time. Note there exists a solution that works with existing schedule of every participant. Here are a few example tasks and solutions:\n\nTASK: You need to schedule a meeting for Jennifer, Jean, Jerry and Carl for half an hour between the work hours of 9:00 to 17:00 on Monday. \n\nHere are the existing schedules for everyone during the day: \nJennifer has meetings on Monday during 12:30 to 13:00, 15:30 to 16:00; \nJean has blocked their calendar on Monday during 12:00 to 12:30, 13:00 to 13:30, 14:00 to 15:00, 15:30 to 16:00, 16:30 to 17:00; \nJerry has blocked their calendar on Monday during 9:00 to 9:30, 10:00 to 11:00, 11:30 to 12:00, 13:00 to 13:30, 14:00 to 14:30, 15:30 to 16:00, 16:30 to 17:00; \nCarl has blocked their calendar on Monday during 9:00 to 11:00, 12:00 to 13:00, 13:30 to 14:00, 15:30 to 16:00; \n\nJean would like to avoid more meetings on Monday after 15:30. Find a time that works for everyone's schedule and constraints. \nSOLUTION: ""}",False,3033.0,2868.0,86.56187510490417,0.0066954,cal_pot
calendar_scheduling_example_255,"Here is the proposed time: Monday, 15:30 - 16:00","{'num_people': '5', 'num_days': '1', 'duration': '0.5', 'prompt_5shot': ""You are an expert at scheduling meetings. You are given a few constraints on the existing schedule of each participant, the meeting duration, and possibly some preferences on the meeting time. Note there exists a solution that works with existing schedule of every participant. Here are a few example tasks and solutions:\n\nTASK: You need to schedule a meeting for George, Steven, Aaron, Patrick and Cynthia for half an hour between the work hours of 9:00 to 17:00 on Monday. \n\nHere are the existing schedules for everyone during the day: \nGeorgehas no meetings the whole day.\nSteven is free the entire day.\nAaron has blocked their calendar on Monday during 9:00 to 10:00, 11:30 to 12:00, 15:30 to 17:00; \nPatrick has blocked their calendar on Monday during 9:00 to 9:30, 10:00 to 11:00, 11:30 to 12:00, 12:30 to 14:00, 15:00 to 15:30; \nCynthia is busy on Monday during 9:00 to 9:30, 10:30 to 11:30, 12:30 to 14:30, 15:00 to 16:30; \n\nAaron can not meet on Monday after 12:30. Find a time that works for everyone's schedule and constraints. \nSOLUTION: Here is the proposed time: Monday, 12:00 - 12:30 \n\nTASK: You need to schedule a meeting for Elizabeth, Eugene, Nancy, Justin and Roy for half an hour between the work hours of 9:00 to 17:00 on Monday. \n\nHere are the existing schedules for everyone during the day: \nElizabeth's calendar is wide open the entire day.\nEugene has blocked their calendar on Monday during 12:00 to 12:30, 13:30 to 14:00, 15:00 to 16:00; \nNancy has meetings on Monday during 10:30 to 11:00, 12:00 to 13:00, 14:00 to 14:30, 15:00 to 16:00; \nJustin has meetings on Monday during 9:30 to 10:00, 10:30 to 11:30, 12:00 to 12:30, 13:00 to 13:30, 14:30 to 17:00; \nRoy is busy on Monday during 10:00 to 11:00, 11:30 to 12:30, 13:30 to 14:00, 14:30 to 16:00; \n\nFind a time that works for everyone's schedule and constraints. \nSOLUTION: Here is the proposed time: Monday, 9:00 - 9:30 \n\nTASK: You need to schedule a meeting for Mason, Linda, Barbara, Roger and Lisa for half an hour between the work hours of 9:00 to 17:00 on Monday. \n\nHere are the existing schedules for everyone during the day: \nMasonhas no meetings the whole day.\nLinda is busy on Monday during 9:30 to 11:00, 12:00 to 12:30, 13:00 to 13:30, 16:30 to 17:00; \nBarbara has blocked their calendar on Monday during 9:00 to 9:30, 12:00 to 13:00, 15:30 to 16:00; \nRoger has meetings on Monday during 9:00 to 9:30, 13:00 to 14:30, 15:00 to 17:00; \nLisa has blocked their calendar on Monday during 9:00 to 10:00, 10:30 to 11:30, 12:00 to 12:30, 13:00 to 14:30, 15:00 to 17:00; \n\nMason would rather not meet on Monday after 13:30. Find a time that works for everyone's schedule and constraints. \nSOLUTION: Here is the proposed time: Monday, 11:30 - 12:00 \n\nTASK: You need to schedule a meeting for Thomas, Olivia, Doris, Amber and Ronald for half an hour between the work hours of 9:00 to 17:00 on Monday. \n\nHere are the existing schedules for everyone during the day: \nThomas has meetings on Monday during 12:00 to 12:30, 16:30 to 17:00; \nOlivia has blocked their calendar on Monday during 10:30 to 11:30, 13:00 to 14:00, 16:00 to 17:00; \nDoris is busy on Monday during 13:30 to 14:00, 16:30 to 17:00; \nAmber is busy on Monday during 10:00 to 10:30, 12:00 to 13:00, 14:00 to 15:00, 15:30 to 17:00; \nRonald has meetings on Monday during 9:30 to 11:30, 12:00 to 13:00, 13:30 to 14:00, 15:00 to 15:30; \n\nRonald would rather not meet on Monday before 11:30. Find a time that works for everyone's schedule and constraints. \nSOLUTION: Here is the proposed time: Monday, 11:30 - 12:00 \n\nTASK: You need to schedule a meeting for Patrick, Kathleen, Frank, Patricia and Carolyn for half an hour between the work hours of 9:00 to 17:00 on Monday. \n\nHere are the existing schedules for everyone during the day: \nPatrick is free the entire day.\nKathleen has meetings on Monday during 9:30 to 10:00, 15:00 to 15:30; \nFrank has blocked their calendar on Monday during 11:00 to 11:30, 15:30 to 17:00; \nPatricia is busy on Monday during 9:00 to 12:00, 14:30 to 15:00, 16:00 to 16:30; \nCarolyn has meetings on Monday during 9:00 to 9:30, 11:00 to 12:30, 13:00 to 17:00; \n\nFind a time that works for everyone's schedule and constraints. \nSOLUTION: Here is the proposed time: Monday, 12:30 - 13:00 \n\nTASK: You need to schedule a meeting for Michael, Vincent, Laura, Frank and Dylan for half an hour between the work hours of 9:00 to 17:00 on Monday. \n\nHere are the existing schedules for everyone during the day: \nMichael has blocked their calendar on Monday during 9:00 to 9:30, 10:00 to 10:30, 13:30 to 14:00, 16:30 to 17:00; \nVincent is busy on Monday during 12:30 to 13:00, 13:30 to 14:00; \nLaurahas no meetings the whole day.\nFrank is busy on Monday during 9:30 to 10:30, 11:30 to 12:30, 14:00 to 15:00, 16:00 to 17:00; \nDylan is busy on Monday during 9:30 to 15:30, 16:00 to 17:00; \n\nFind a time that works for everyone's schedule and constraints. \nSOLUTION: "", 'golden_plan': 'Here is the proposed time: Monday, 15:30 - 16:00 ', 'pred_5shot_pro': ""Here is the proposed time: **Monday, 10:30 - 11:00** \n\nLet's break down why this works:\n\n* **Michael:** Free between 10:30-13:30.\n* **Vincent:** Only busy 12:30-14:00.\n* **Laura:** Free all day.\n* **Frank:** Only free 10:30-11:30.\n* **Dylan:** Busy until 15:30.\n\nThe only time slot that accommodates everyone is 10:30-11:00. \n"", 'prompt_0shot': ""You are an expert at scheduling meetings. You are given a few constraints on the existing schedule of each participant, the meeting duration, and possibly some preferences on the meeting time. Note there exists a solution that works with existing schedule of every participant. Here are a few example tasks and solutions:\n\nTASK: You need to schedule a meeting for Michael, Vincent, Laura, Frank and Dylan for half an hour between the work hours of 9:00 to 17:00 on Monday. \n\nHere are the existing schedules for everyone during the day: \nMichael has blocked their calendar on Monday during 9:00 to 9:30, 10:00 to 10:30, 13:30 to 14:00, 16:30 to 17:00; \nVincent is busy on Monday during 12:30 to 13:00, 13:30 to 14:00; \nLaurahas no meetings the whole day.\nFrank is busy on Monday during 9:30 to 10:30, 11:30 to 12:30, 14:00 to 15:00, 16:00 to 17:00; \nDylan is busy on Monday during 9:30 to 15:30, 16:00 to 17:00; \n\nFind a time that works for everyone's schedule and constraints. \nSOLUTION: ""}",True,3122.0,2224.0,43.27427053451538,0.005653999999999999,cal_pot
calendar_scheduling_example_262,"Here is the proposed time: Monday, 11:30 - 12:00","{'num_people': '5', 'num_days': '1', 'duration': '0.5', 'prompt_5shot': ""You are an expert at scheduling meetings. You are given a few constraints on the existing schedule of each participant, the meeting duration, and possibly some preferences on the meeting time. Note there exists a solution that works with existing schedule of every participant. Here are a few example tasks and solutions:\n\nTASK: You need to schedule a meeting for George, Steven, Aaron, Patrick and Cynthia for half an hour between the work hours of 9:00 to 17:00 on Monday. \n\nHere are the existing schedules for everyone during the day: \nGeorgehas no meetings the whole day.\nSteven is free the entire day.\nAaron has blocked their calendar on Monday during 9:00 to 10:00, 11:30 to 12:00, 15:30 to 17:00; \nPatrick has blocked their calendar on Monday during 9:00 to 9:30, 10:00 to 11:00, 11:30 to 12:00, 12:30 to 14:00, 15:00 to 15:30; \nCynthia is busy on Monday during 9:00 to 9:30, 10:30 to 11:30, 12:30 to 14:30, 15:00 to 16:30; \n\nAaron can not meet on Monday after 12:30. Find a time that works for everyone's schedule and constraints. \nSOLUTION: Here is the proposed time: Monday, 12:00 - 12:30 \n\nTASK: You need to schedule a meeting for Elizabeth, Eugene, Nancy, Justin and Roy for half an hour between the work hours of 9:00 to 17:00 on Monday. \n\nHere are the existing schedules for everyone during the day: \nElizabeth's calendar is wide open the entire day.\nEugene has blocked their calendar on Monday during 12:00 to 12:30, 13:30 to 14:00, 15:00 to 16:00; \nNancy has meetings on Monday during 10:30 to 11:00, 12:00 to 13:00, 14:00 to 14:30, 15:00 to 16:00; \nJustin has meetings on Monday during 9:30 to 10:00, 10:30 to 11:30, 12:00 to 12:30, 13:00 to 13:30, 14:30 to 17:00; \nRoy is busy on Monday during 10:00 to 11:00, 11:30 to 12:30, 13:30 to 14:00, 14:30 to 16:00; \n\nFind a time that works for everyone's schedule and constraints. \nSOLUTION: Here is the proposed time: Monday, 9:00 - 9:30 \n\nTASK: You need to schedule a meeting for Mason, Linda, Barbara, Roger and Lisa for half an hour between the work hours of 9:00 to 17:00 on Monday. \n\nHere are the existing schedules for everyone during the day: \nMasonhas no meetings the whole day.\nLinda is busy on Monday during 9:30 to 11:00, 12:00 to 12:30, 13:00 to 13:30, 16:30 to 17:00; \nBarbara has blocked their calendar on Monday during 9:00 to 9:30, 12:00 to 13:00, 15:30 to 16:00; \nRoger has meetings on Monday during 9:00 to 9:30, 13:00 to 14:30, 15:00 to 17:00; \nLisa has blocked their calendar on Monday during 9:00 to 10:00, 10:30 to 11:30, 12:00 to 12:30, 13:00 to 14:30, 15:00 to 17:00; \n\nMason would rather not meet on Monday after 13:30. Find a time that works for everyone's schedule and constraints. \nSOLUTION: Here is the proposed time: Monday, 11:30 - 12:00 \n\nTASK: You need to schedule a meeting for Thomas, Olivia, Doris, Amber and Ronald for half an hour between the work hours of 9:00 to 17:00 on Monday. \n\nHere are the existing schedules for everyone during the day: \nThomas has meetings on Monday during 12:00 to 12:30, 16:30 to 17:00; \nOlivia has blocked their calendar on Monday during 10:30 to 11:30, 13:00 to 14:00, 16:00 to 17:00; \nDoris is busy on Monday during 13:30 to 14:00, 16:30 to 17:00; \nAmber is busy on Monday during 10:00 to 10:30, 12:00 to 13:00, 14:00 to 15:00, 15:30 to 17:00; \nRonald has meetings on Monday during 9:30 to 11:30, 12:00 to 13:00, 13:30 to 14:00, 15:00 to 15:30; \n\nRonald would rather not meet on Monday before 11:30. Find a time that works for everyone's schedule and constraints. \nSOLUTION: Here is the proposed time: Monday, 11:30 - 12:00 \n\nTASK: You need to schedule a meeting for Patrick, Kathleen, Frank, Patricia and Carolyn for half an hour between the work hours of 9:00 to 17:00 on Monday. \n\nHere are the existing schedules for everyone during the day: \nPatrick is free the entire day.\nKathleen has meetings on Monday during 9:30 to 10:00, 15:00 to 15:30; \nFrank has blocked their calendar on Monday during 11:00 to 11:30, 15:30 to 17:00; \nPatricia is busy on Monday during 9:00 to 12:00, 14:30 to 15:00, 16:00 to 16:30; \nCarolyn has meetings on Monday during 9:00 to 9:30, 11:00 to 12:30, 13:00 to 17:00; \n\nFind a time that works for everyone's schedule and constraints. \nSOLUTION: Here is the proposed time: Monday, 12:30 - 13:00 \n\nTASK: You need to schedule a meeting for Doris, Dennis, Matthew, Andrea and Brandon for half an hour between the work hours of 9:00 to 17:00 on Monday. \n\nHere are the existing schedules for everyone during the day: \nDoris has meetings on Monday during 10:30 to 11:00, 16:30 to 17:00; \nDennis has meetings on Monday during 9:30 to 10:00, 10:30 to 11:00, 14:00 to 14:30, 15:30 to 16:00; \nMatthew has meetings on Monday during 9:30 to 10:30, 13:00 to 13:30, 15:00 to 15:30; \nAndrea has meetings on Monday during 9:00 to 10:00, 10:30 to 11:30, 12:00 to 13:00, 14:00 to 14:30, 15:30 to 17:00; \nBrandon is busy on Monday during 9:00 to 11:30, 12:00 to 12:30, 13:00 to 17:00; \n\nFind a time that works for everyone's schedule and constraints. \nSOLUTION: "", 'golden_plan': 'Here is the proposed time: Monday, 11:30 - 12:00 ', 'pred_5shot_pro': 'Here is the proposed time: Monday, 11:30 - 12:00 \n', 'prompt_0shot': ""You are an expert at scheduling meetings. You are given a few constraints on the existing schedule of each participant, the meeting duration, and possibly some preferences on the meeting time. Note there exists a solution that works with existing schedule of every participant. Here are a few example tasks and solutions:\n\nTASK: You need to schedule a meeting for Doris, Dennis, Matthew, Andrea and Brandon for half an hour between the work hours of 9:00 to 17:00 on Monday. \n\nHere are the existing schedules for everyone during the day: \nDoris has meetings on Monday during 10:30 to 11:00, 16:30 to 17:00; \nDennis has meetings on Monday during 9:30 to 10:00, 10:30 to 11:00, 14:00 to 14:30, 15:30 to 16:00; \nMatthew has meetings on Monday during 9:30 to 10:30, 13:00 to 13:30, 15:00 to 15:30; \nAndrea has meetings on Monday during 9:00 to 10:00, 10:30 to 11:30, 12:00 to 13:00, 14:00 to 14:30, 15:30 to 17:00; \nBrandon is busy on Monday during 9:00 to 11:30, 12:00 to 12:30, 13:00 to 17:00; \n\nFind a time that works for everyone's schedule and constraints. \nSOLUTION: ""}",True,3317.0,1005.0,15.357351541519165,0.0036986999999999996,cal_pot
calendar_scheduling_example_299,"Here is the proposed time: Monday, 16:00 - 16:30","{'num_people': '5', 'num_days': '1', 'duration': '0.5', 'prompt_5shot': ""You are an expert at scheduling meetings. You are given a few constraints on the existing schedule of each participant, the meeting duration, and possibly some preferences on the meeting time. Note there exists a solution that works with existing schedule of every participant. Here are a few example tasks and solutions:\n\nTASK: You need to schedule a meeting for George, Steven, Aaron, Patrick and Cynthia for half an hour between the work hours of 9:00 to 17:00 on Monday. \n\nHere are the existing schedules for everyone during the day: \nGeorgehas no meetings the whole day.\nSteven is free the entire day.\nAaron has blocked their calendar on Monday during 9:00 to 10:00, 11:30 to 12:00, 15:30 to 17:00; \nPatrick has blocked their calendar on Monday during 9:00 to 9:30, 10:00 to 11:00, 11:30 to 12:00, 12:30 to 14:00, 15:00 to 15:30; \nCynthia is busy on Monday during 9:00 to 9:30, 10:30 to 11:30, 12:30 to 14:30, 15:00 to 16:30; \n\nAaron can not meet on Monday after 12:30. Find a time that works for everyone's schedule and constraints. \nSOLUTION: Here is the proposed time: Monday, 12:00 - 12:30 \n\nTASK: You need to schedule a meeting for Elizabeth, Eugene, Nancy, Justin and Roy for half an hour between the work hours of 9:00 to 17:00 on Monday. \n\nHere are the existing schedules for everyone during the day: \nElizabeth's calendar is wide open the entire day.\nEugene has blocked their calendar on Monday during 12:00 to 12:30, 13:30 to 14:00, 15:00 to 16:00; \nNancy has meetings on Monday during 10:30 to 11:00, 12:00 to 13:00, 14:00 to 14:30, 15:00 to 16:00; \nJustin has meetings on Monday during 9:30 to 10:00, 10:30 to 11:30, 12:00 to 12:30, 13:00 to 13:30, 14:30 to 17:00; \nRoy is busy on Monday during 10:00 to 11:00, 11:30 to 12:30, 13:30 to 14:00, 14:30 to 16:00; \n\nFind a time that works for everyone's schedule and constraints. \nSOLUTION: Here is the proposed time: Monday, 9:00 - 9:30 \n\nTASK: You need to schedule a meeting for Mason, Linda, Barbara, Roger and Lisa for half an hour between the work hours of 9:00 to 17:00 on Monday. \n\nHere are the existing schedules for everyone during the day: \nMasonhas no meetings the whole day.\nLinda is busy on Monday during 9:30 to 11:00, 12:00 to 12:30, 13:00 to 13:30, 16:30 to 17:00; \nBarbara has blocked their calendar on Monday during 9:00 to 9:30, 12:00 to 13:00, 15:30 to 16:00; \nRoger has meetings on Monday during 9:00 to 9:30, 13:00 to 14:30, 15:00 to 17:00; \nLisa has blocked their calendar on Monday during 9:00 to 10:00, 10:30 to 11:30, 12:00 to 12:30, 13:00 to 14:30, 15:00 to 17:00; \n\nMason would rather not meet on Monday after 13:30. Find a time that works for everyone's schedule and constraints. \nSOLUTION: Here is the proposed time: Monday, 11:30 - 12:00 \n\nTASK: You need to schedule a meeting for Thomas, Olivia, Doris, Amber and Ronald for half an hour between the work hours of 9:00 to 17:00 on Monday. \n\nHere are the existing schedules for everyone during the day: \nThomas has meetings on Monday during 12:00 to 12:30, 16:30 to 17:00; \nOlivia has blocked their calendar on Monday during 10:30 to 11:30, 13:00 to 14:00, 16:00 to 17:00; \nDoris is busy on Monday during 13:30 to 14:00, 16:30 to 17:00; \nAmber is busy on Monday during 10:00 to 10:30, 12:00 to 13:00, 14:00 to 15:00, 15:30 to 17:00; \nRonald has meetings on Monday during 9:30 to 11:30, 12:00 to 13:00, 13:30 to 14:00, 15:00 to 15:30; \n\nRonald would rather not meet on Monday before 11:30. Find a time that works for everyone's schedule and constraints. \nSOLUTION: Here is the proposed time: Monday, 11:30 - 12:00 \n\nTASK: You need to schedule a meeting for Patrick, Kathleen, Frank, Patricia and Carolyn for half an hour between the work hours of 9:00 to 17:00 on Monday. \n\nHere are the existing schedules for everyone during the day: \nPatrick is free the entire day.\nKathleen has meetings on Monday during 9:30 to 10:00, 15:00 to 15:30; \nFrank has blocked their calendar on Monday during 11:00 to 11:30, 15:30 to 17:00; \nPatricia is busy on Monday during 9:00 to 12:00, 14:30 to 15:00, 16:00 to 16:30; \nCarolyn has meetings on Monday during 9:00 to 9:30, 11:00 to 12:30, 13:00 to 17:00; \n\nFind a time that works for everyone's schedule and constraints. \nSOLUTION: Here is the proposed time: Monday, 12:30 - 13:00 \n\nTASK: You need to schedule a meeting for Jacqueline, Lauren, Billy, Mark and Teresa for half an hour between the work hours of 9:00 to 17:00 on Monday. \n\nHere are the existing schedules for everyone during the day: \nJacqueline has meetings on Monday during 9:00 to 9:30, 10:30 to 11:30, 12:00 to 12:30, 13:00 to 13:30, 16:30 to 17:00; \nLauren is busy on Monday during 10:00 to 11:00, 11:30 to 12:30, 13:30 to 14:00, 15:30 to 16:00; \nBilly's calendar is wide open the entire day.\nMark has meetings on Monday during 9:30 to 10:30, 11:30 to 14:30, 15:00 to 16:00; \nTeresa has blocked their calendar on Monday during 9:00 to 9:30, 10:30 to 11:30, 12:00 to 14:00, 14:30 to 15:00, 15:30 to 16:00, 16:30 to 17:00; \n\nFind a time that works for everyone's schedule and constraints. \nSOLUTION: "", 'golden_plan': 'Here is the proposed time: Monday, 16:00 - 16:30 ', 'pred_5shot_pro': ""Here is the proposed time: **Monday, 14:00 - 14:30** \n\nLet's break down why this works:\n\n* **Jacqueline:** Free from 14:00 - 14:30\n* **Lauren:** Free from 14:00 - 14:30\n* **Billy:** Free all day.\n* **Mark:** Free from 14:30 onwards, so the meeting ending at 14:30 works.\n* **Teresa:** Free from 14:00 - 14:30 \n"", 'prompt_0shot': ""You are an expert at scheduling meetings. You are given a few constraints on the existing schedule of each participant, the meeting duration, and possibly some preferences on the meeting time. Note there exists a solution that works with existing schedule of every participant. Here are a few example tasks and solutions:\n\nTASK: You need to schedule a meeting for Jacqueline, Lauren, Billy, Mark and Teresa for half an hour between the work hours of 9:00 to 17:00 on Monday. \n\nHere are the existing schedules for everyone during the day: \nJacqueline has meetings on Monday during 9:00 to 9:30, 10:30 to 11:30, 12:00 to 12:30, 13:00 to 13:30, 16:30 to 17:00; \nLauren is busy on Monday during 10:00 to 11:00, 11:30 to 12:30, 13:30 to 14:00, 15:30 to 16:00; \nBilly's calendar is wide open the entire day.\nMark has meetings on Monday during 9:30 to 10:30, 11:30 to 14:30, 15:00 to 16:00; \nTeresa has blocked their calendar on Monday during 9:00 to 9:30, 10:30 to 11:30, 12:00 to 14:00, 14:30 to 15:00, 15:30 to 16:00, 16:30 to 17:00; \n\nFind a time that works for everyone's schedule and constraints. \nSOLUTION: ""}",True,3381.0,3038.0,57.79465889930725,0.0071932,cal_pot
calendar_scheduling_example_235,"Here is the proposed time: Monday, 09:00 - 10:00","{'num_people': '5', 'num_days': '1', 'duration': '1', 'prompt_5shot': ""You are an expert at scheduling meetings. You are given a few constraints on the existing schedule of each participant, the meeting duration, and possibly some preferences on the meeting time. Note there exists a solution that works with existing schedule of every participant. Here are a few example tasks and solutions:\n\nTASK: You need to schedule a meeting for George, Steven, Aaron, Patrick and Cynthia for half an hour between the work hours of 9:00 to 17:00 on Monday. \n\nHere are the existing schedules for everyone during the day: \nGeorgehas no meetings the whole day.\nSteven is free the entire day.\nAaron has blocked their calendar on Monday during 9:00 to 10:00, 11:30 to 12:00, 15:30 to 17:00; \nPatrick has blocked their calendar on Monday during 9:00 to 9:30, 10:00 to 11:00, 11:30 to 12:00, 12:30 to 14:00, 15:00 to 15:30; \nCynthia is busy on Monday during 9:00 to 9:30, 10:30 to 11:30, 12:30 to 14:30, 15:00 to 16:30; \n\nAaron can not meet on Monday after 12:30. Find a time that works for everyone's schedule and constraints. \nSOLUTION: Here is the proposed time: Monday, 12:00 - 12:30 \n\nTASK: You need to schedule a meeting for Elizabeth, Eugene, Nancy, Justin and Roy for half an hour between the work hours of 9:00 to 17:00 on Monday. \n\nHere are the existing schedules for everyone during the day: \nElizabeth's calendar is wide open the entire day.\nEugene has blocked their calendar on Monday during 12:00 to 12:30, 13:30 to 14:00, 15:00 to 16:00; \nNancy has meetings on Monday during 10:30 to 11:00, 12:00 to 13:00, 14:00 to 14:30, 15:00 to 16:00; \nJustin has meetings on Monday during 9:30 to 10:00, 10:30 to 11:30, 12:00 to 12:30, 13:00 to 13:30, 14:30 to 17:00; \nRoy is busy on Monday during 10:00 to 11:00, 11:30 to 12:30, 13:30 to 14:00, 14:30 to 16:00; \n\nFind a time that works for everyone's schedule and constraints. \nSOLUTION: Here is the proposed time: Monday, 9:00 - 9:30 \n\nTASK: You need to schedule a meeting for Mason, Linda, Barbara, Roger and Lisa for half an hour between the work hours of 9:00 to 17:00 on Monday. \n\nHere are the existing schedules for everyone during the day: \nMasonhas no meetings the whole day.\nLinda is busy on Monday during 9:30 to 11:00, 12:00 to 12:30, 13:00 to 13:30, 16:30 to 17:00; \nBarbara has blocked their calendar on Monday during 9:00 to 9:30, 12:00 to 13:00, 15:30 to 16:00; \nRoger has meetings on Monday during 9:00 to 9:30, 13:00 to 14:30, 15:00 to 17:00; \nLisa has blocked their calendar on Monday during 9:00 to 10:00, 10:30 to 11:30, 12:00 to 12:30, 13:00 to 14:30, 15:00 to 17:00; \n\nMason would rather not meet on Monday after 13:30. Find a time that works for everyone's schedule and constraints. \nSOLUTION: Here is the proposed time: Monday, 11:30 - 12:00 \n\nTASK: You need to schedule a meeting for Thomas, Olivia, Doris, Amber and Ronald for half an hour between the work hours of 9:00 to 17:00 on Monday. \n\nHere are the existing schedules for everyone during the day: \nThomas has meetings on Monday during 12:00 to 12:30, 16:30 to 17:00; \nOlivia has blocked their calendar on Monday during 10:30 to 11:30, 13:00 to 14:00, 16:00 to 17:00; \nDoris is busy on Monday during 13:30 to 14:00, 16:30 to 17:00; \nAmber is busy on Monday during 10:00 to 10:30, 12:00 to 13:00, 14:00 to 15:00, 15:30 to 17:00; \nRonald has meetings on Monday during 9:30 to 11:30, 12:00 to 13:00, 13:30 to 14:00, 15:00 to 15:30; \n\nRonald would rather not meet on Monday before 11:30. Find a time that works for everyone's schedule and constraints. \nSOLUTION: Here is the proposed time: Monday, 11:30 - 12:00 \n\nTASK: You need to schedule a meeting for Patrick, Kathleen, Frank, Patricia and Carolyn for half an hour between the work hours of 9:00 to 17:00 on Monday. \n\nHere are the existing schedules for everyone during the day: \nPatrick is free the entire day.\nKathleen has meetings on Monday during 9:30 to 10:00, 15:00 to 15:30; \nFrank has blocked their calendar on Monday during 11:00 to 11:30, 15:30 to 17:00; \nPatricia is busy on Monday during 9:00 to 12:00, 14:30 to 15:00, 16:00 to 16:30; \nCarolyn has meetings on Monday during 9:00 to 9:30, 11:00 to 12:30, 13:00 to 17:00; \n\nFind a time that works for everyone's schedule and constraints. \nSOLUTION: Here is the proposed time: Monday, 12:30 - 13:00 \n\nTASK: You need to schedule a meeting for Amber, Alice, Brian, Ryan and Jonathan for one hour between the work hours of 9:00 to 17:00 on Monday. \n\nHere are the existing schedules for everyone during the day: \nAmber has meetings on Monday during 12:30 to 13:00, 14:00 to 14:30, 15:00 to 15:30, 16:00 to 16:30; \nAlice has blocked their calendar on Monday during 11:00 to 11:30, 15:30 to 16:00; \nBrianhas no meetings the whole day.\nRyan has meetings on Monday during 11:00 to 11:30, 12:30 to 13:30, 14:30 to 17:00; \nJonathan has meetings on Monday during 10:30 to 11:00, 11:30 to 12:00, 12:30 to 14:30, 15:00 to 17:00; \n\nFind a time that works for everyone's schedule and constraints. \nSOLUTION: "", 'golden_plan': 'Here is the proposed time: Monday, 9:00 - 10:00 ', 'pred_5shot_pro': 'Here is the proposed time: Monday, 9:00 - 10:00 \n', 'prompt_0shot': ""You are an expert at scheduling meetings. You are given a few constraints on the existing schedule of each participant, the meeting duration, and possibly some preferences on the meeting time. Note there exists a solution that works with existing schedule of every participant. Here are a few example tasks and solutions:\n\nTASK: You need to schedule a meeting for Amber, Alice, Brian, Ryan and Jonathan for one hour between the work hours of 9:00 to 17:00 on Monday. \n\nHere are the existing schedules for everyone during the day: \nAmber has meetings on Monday during 12:30 to 13:00, 14:00 to 14:30, 15:00 to 15:30, 16:00 to 16:30; \nAlice has blocked their calendar on Monday during 11:00 to 11:30, 15:30 to 16:00; \nBrianhas no meetings the whole day.\nRyan has meetings on Monday during 11:00 to 11:30, 12:30 to 13:30, 14:30 to 17:00; \nJonathan has meetings on Monday during 10:30 to 11:00, 11:30 to 12:00, 12:30 to 14:30, 15:00 to 17:00; \n\nFind a time that works for everyone's schedule and constraints. \nSOLUTION: ""}",True,3246.0,997.0,22.370671272277832,0.0036425,cal_pot
calendar_scheduling_example_251,"Here is the proposed time: Monday, 16:00 - 16:30","{'num_people': '5', 'num_days': '1', 'duration': '0.5', 'prompt_5shot': ""You are an expert at scheduling meetings. You are given a few constraints on the existing schedule of each participant, the meeting duration, and possibly some preferences on the meeting time. Note there exists a solution that works with existing schedule of every participant. Here are a few example tasks and solutions:\n\nTASK: You need to schedule a meeting for George, Steven, Aaron, Patrick and Cynthia for half an hour between the work hours of 9:00 to 17:00 on Monday. \n\nHere are the existing schedules for everyone during the day: \nGeorgehas no meetings the whole day.\nSteven is free the entire day.\nAaron has blocked their calendar on Monday during 9:00 to 10:00, 11:30 to 12:00, 15:30 to 17:00; \nPatrick has blocked their calendar on Monday during 9:00 to 9:30, 10:00 to 11:00, 11:30 to 12:00, 12:30 to 14:00, 15:00 to 15:30; \nCynthia is busy on Monday during 9:00 to 9:30, 10:30 to 11:30, 12:30 to 14:30, 15:00 to 16:30; \n\nAaron can not meet on Monday after 12:30. Find a time that works for everyone's schedule and constraints. \nSOLUTION: Here is the proposed time: Monday, 12:00 - 12:30 \n\nTASK: You need to schedule a meeting for Elizabeth, Eugene, Nancy, Justin and Roy for half an hour between the work hours of 9:00 to 17:00 on Monday. \n\nHere are the existing schedules for everyone during the day: \nElizabeth's calendar is wide open the entire day.\nEugene has blocked their calendar on Monday during 12:00 to 12:30, 13:30 to 14:00, 15:00 to 16:00; \nNancy has meetings on Monday during 10:30 to 11:00, 12:00 to 13:00, 14:00 to 14:30, 15:00 to 16:00; \nJustin has meetings on Monday during 9:30 to 10:00, 10:30 to 11:30, 12:00 to 12:30, 13:00 to 13:30, 14:30 to 17:00; \nRoy is busy on Monday during 10:00 to 11:00, 11:30 to 12:30, 13:30 to 14:00, 14:30 to 16:00; \n\nFind a time that works for everyone's schedule and constraints. \nSOLUTION: Here is the proposed time: Monday, 9:00 - 9:30 \n\nTASK: You need to schedule a meeting for Mason, Linda, Barbara, Roger and Lisa for half an hour between the work hours of 9:00 to 17:00 on Monday. \n\nHere are the existing schedules for everyone during the day: \nMasonhas no meetings the whole day.\nLinda is busy on Monday during 9:30 to 11:00, 12:00 to 12:30, 13:00 to 13:30, 16:30 to 17:00; \nBarbara has blocked their calendar on Monday during 9:00 to 9:30, 12:00 to 13:00, 15:30 to 16:00; \nRoger has meetings on Monday during 9:00 to 9:30, 13:00 to 14:30, 15:00 to 17:00; \nLisa has blocked their calendar on Monday during 9:00 to 10:00, 10:30 to 11:30, 12:00 to 12:30, 13:00 to 14:30, 15:00 to 17:00; \n\nMason would rather not meet on Monday after 13:30. Find a time that works for everyone's schedule and constraints. \nSOLUTION: Here is the proposed time: Monday, 11:30 - 12:00 \n\nTASK: You need to schedule a meeting for Thomas, Olivia, Doris, Amber and Ronald for half an hour between the work hours of 9:00 to 17:00 on Monday. \n\nHere are the existing schedules for everyone during the day: \nThomas has meetings on Monday during 12:00 to 12:30, 16:30 to 17:00; \nOlivia has blocked their calendar on Monday during 10:30 to 11:30, 13:00 to 14:00, 16:00 to 17:00; \nDoris is busy on Monday during 13:30 to 14:00, 16:30 to 17:00; \nAmber is busy on Monday during 10:00 to 10:30, 12:00 to 13:00, 14:00 to 15:00, 15:30 to 17:00; \nRonald has meetings on Monday during 9:30 to 11:30, 12:00 to 13:00, 13:30 to 14:00, 15:00 to 15:30; \n\nRonald would rather not meet on Monday before 11:30. Find a time that works for everyone's schedule and constraints. \nSOLUTION: Here is the proposed time: Monday, 11:30 - 12:00 \n\nTASK: You need to schedule a meeting for Patrick, Kathleen, Frank, Patricia and Carolyn for half an hour between the work hours of 9:00 to 17:00 on Monday. \n\nHere are the existing schedules for everyone during the day: \nPatrick is free the entire day.\nKathleen has meetings on Monday during 9:30 to 10:00, 15:00 to 15:30; \nFrank has blocked their calendar on Monday during 11:00 to 11:30, 15:30 to 17:00; \nPatricia is busy on Monday during 9:00 to 12:00, 14:30 to 15:00, 16:00 to 16:30; \nCarolyn has meetings on Monday during 9:00 to 9:30, 11:00 to 12:30, 13:00 to 17:00; \n\nFind a time that works for everyone's schedule and constraints. \nSOLUTION: Here is the proposed time: Monday, 12:30 - 13:00 \n\nTASK: You need to schedule a meeting for Willie, Diana, Olivia, Kyle and Kathleen for half an hour between the work hours of 9:00 to 17:00 on Monday. \n\nHere are the existing schedules for everyone during the day: \nWillie has blocked their calendar on Monday during 10:00 to 11:30, 12:30 to 13:00, 14:30 to 15:30; \nDiana is busy on Monday during 9:00 to 9:30, 10:00 to 10:30, 12:00 to 12:30, 14:00 to 14:30, 15:00 to 15:30, 16:30 to 17:00; \nOlivia is busy on Monday during 9:00 to 9:30, 11:00 to 11:30; \nKyle has blocked their calendar on Monday during 9:00 to 9:30, 10:00 to 12:00, 12:30 to 13:00, 14:30 to 15:00, 16:30 to 17:00; \nKathleen has blocked their calendar on Monday during 9:00 to 12:00, 12:30 to 13:00, 14:00 to 16:00, 16:30 to 17:00; \n\nDiana would like to avoid more meetings on Monday before 14:30. Find a time that works for everyone's schedule and constraints. \nSOLUTION: "", 'golden_plan': 'Here is the proposed time: Monday, 16:00 - 16:30 ', 'pred_5shot_pro': ""Here is the proposed time: **Monday, 15:30 - 16:00**\n\nHere's why this time works:\n\n* **Willie:** Free at this time.\n* **Diana:** Free at this time and it meets her preference to avoid meetings before 14:30.\n* **Olivia:** Free at this time.\n* **Kyle:** Free at this time.\n* **Kathleen:** Free at this time. \n"", 'prompt_0shot': ""You are an expert at scheduling meetings. You are given a few constraints on the existing schedule of each participant, the meeting duration, and possibly some preferences on the meeting time. Note there exists a solution that works with existing schedule of every participant. Here are a few example tasks and solutions:\n\nTASK: You need to schedule a meeting for Willie, Diana, Olivia, Kyle and Kathleen for half an hour between the work hours of 9:00 to 17:00 on Monday. \n\nHere are the existing schedules for everyone during the day: \nWillie has blocked their calendar on Monday during 10:00 to 11:30, 12:30 to 13:00, 14:30 to 15:30; \nDiana is busy on Monday during 9:00 to 9:30, 10:00 to 10:30, 12:00 to 12:30, 14:00 to 14:30, 15:00 to 15:30, 16:30 to 17:00; \nOlivia is busy on Monday during 9:00 to 9:30, 11:00 to 11:30; \nKyle has blocked their calendar on Monday during 9:00 to 9:30, 10:00 to 12:00, 12:30 to 13:00, 14:30 to 15:00, 16:30 to 17:00; \nKathleen has blocked their calendar on Monday during 9:00 to 12:00, 12:30 to 13:00, 14:00 to 16:00, 16:30 to 17:00; \n\nDiana would like to avoid more meetings on Monday before 14:30. Find a time that works for everyone's schedule and constraints. \nSOLUTION: ""}",True,3516.0,3621.0,64.08873391151428,0.0082653,cal_pot
calendar_scheduling_example_316,"**exception raised**: Code execution failed at line 'available_slots = find_available_slots(prompt, schedules_dict)' due to: SyntaxError: unterminated string literal (detected at line 9) (<unknown>, line 9)","{'num_people': '6', 'num_days': '1', 'duration': '0.5', 'prompt_5shot': ""You are an expert at scheduling meetings. You are given a few constraints on the existing schedule of each participant, the meeting duration, and possibly some preferences on the meeting time. Note there exists a solution that works with existing schedule of every participant. Here are a few example tasks and solutions:\n\nTASK: You need to schedule a meeting for Gabriel, Brandon, Janet, Maria, Joshua and Victoria for half an hour between the work hours of 9:00 to 17:00 on Monday. \n\nHere are the existing schedules for everyone during the day: \nGabrielhas no meetings the whole day.\nBrandon's calendar is wide open the entire day.\nJanet is busy on Monday during 9:30 to 10:00, 13:00 to 13:30; \nMaria has meetings on Monday during 10:00 to 12:00, 13:30 to 14:00, 14:30 to 15:00, 16:00 to 17:00; \nJoshua has meetings on Monday during 9:30 to 10:00, 10:30 to 11:30, 12:30 to 14:00, 14:30 to 15:30; \nVictoria has blocked their calendar on Monday during 9:30 to 10:30, 12:00 to 13:30, 14:30 to 15:00, 15:30 to 16:30; \n\nMaria would like to avoid more meetings on Monday after 14:00. Find a time that works for everyone's schedule and constraints. \nSOLUTION: Here is the proposed time: Monday, 9:00 - 9:30 \n\nTASK: You need to schedule a meeting for Jeffrey, Samantha, Abigail, Amanda, Jordan and Samuel for half an hour between the work hours of 9:00 to 17:00 on Monday. \n\nHere are the existing schedules for everyone during the day: \nJeffrey has meetings on Monday during 10:00 to 11:00, 12:00 to 14:00; \nSamantha is busy on Monday during 9:30 to 10:00, 13:00 to 13:30, 14:00 to 14:30, 15:00 to 15:30, 16:00 to 17:00; \nAbigail has blocked their calendar on Monday during 9:00 to 10:00, 11:30 to 12:00, 16:00 to 16:30; \nAmanda has blocked their calendar on Monday during 9:30 to 15:30, 16:00 to 17:00; \nJordan has meetings on Monday during 9:30 to 10:00, 11:00 to 14:00, 14:30 to 15:30, 16:30 to 17:00; \nSamuel is busy on Monday during 9:00 to 9:30, 10:00 to 13:30, 14:30 to 15:30, 16:00 to 17:00; \n\nFind a time that works for everyone's schedule and constraints. \nSOLUTION: Here is the proposed time: Monday, 15:30 - 16:00 \n\nTASK: You need to schedule a meeting for Janice, Melissa, Helen, Kelly, Catherine and Jordan for half an hour between the work hours of 9:00 to 17:00 on Monday. \n\nHere are the existing schedules for everyone during the day: \nJanice has blocked their calendar on Monday during 10:30 to 11:00, 11:30 to 12:00, 13:00 to 13:30, 14:30 to 15:00, 15:30 to 16:00, 16:30 to 17:00; \nMelissahas no meetings the whole day.\nHelen is busy on Monday during 9:30 to 10:00, 11:30 to 12:00, 15:30 to 16:00, 16:30 to 17:00; \nKelly is busy on Monday during 9:00 to 9:30, 10:00 to 11:00, 11:30 to 17:00; \nCatherine is busy on Monday during 9:00 to 9:30, 10:00 to 10:30, 11:30 to 14:00, 15:30 to 16:00; \nJordan has meetings on Monday during 9:00 to 11:00, 11:30 to 15:00, 15:30 to 17:00; \n\nFind a time that works for everyone's schedule and constraints. \nSOLUTION: Here is the proposed time: Monday, 11:00 - 11:30 \n\nTASK: You need to schedule a meeting for Maria, Joshua, Julia, Gloria, Amy and Judith for half an hour between the work hours of 9:00 to 17:00 on Monday. \n\nHere are the existing schedules for everyone during the day: \nMaria is busy on Monday during 9:30 to 10:00, 10:30 to 11:00, 14:30 to 15:00, 16:30 to 17:00; \nJoshua is busy on Monday during 9:30 to 10:00, 11:00 to 11:30; \nJulia has meetings on Monday during 9:30 to 10:00, 10:30 to 11:00, 11:30 to 12:00, 14:30 to 15:30, 16:00 to 16:30; \nGloria has meetings on Monday during 11:00 to 12:00, 12:30 to 14:00, 14:30 to 17:00; \nAmy has meetings on Monday during 10:30 to 11:00, 11:30 to 12:30, 13:00 to 15:00, 16:30 to 17:00; \nJudith is busy on Monday during 9:30 to 11:00, 11:30 to 12:00, 13:00 to 14:30, 15:00 to 15:30, 16:00 to 17:00; \n\nFind a time that works for everyone's schedule and constraints. \nSOLUTION: Here is the proposed time: Monday, 9:00 - 9:30 \n\nTASK: You need to schedule a meeting for Kimberly, Adam, Terry, Judy, Scott and Elijah for half an hour between the work hours of 9:00 to 17:00 on Monday. \n\nHere are the existing schedules for everyone during the day: \nKimberly has meetings on Monday during 10:00 to 10:30, 15:00 to 15:30; \nAdam has meetings on Monday during 11:30 to 12:00, 12:30 to 13:00; \nTerry has meetings on Monday during 11:30 to 12:30; \nJudy is busy on Monday during 9:00 to 11:00, 12:00 to 13:30, 15:30 to 16:00; \nScott has meetings on Monday during 9:30 to 10:00, 11:00 to 12:00, 12:30 to 13:30, 14:00 to 14:30, 15:00 to 15:30, 16:00 to 16:30; \nElijah has meetings on Monday during 11:00 to 13:30, 14:00 to 16:00, 16:30 to 17:00; \n\nFind a time that works for everyone's schedule and constraints. \nSOLUTION: Here is the proposed time: Monday, 13:30 - 14:00 \n\nTASK: You need to schedule a meeting for Brittany, Gloria, Lisa, Paul, Justin and Diana for half an hour between the work hours of 9:00 to 17:00 on Monday. \n\nHere are the existing schedules for everyone during the day: \nBrittany has blocked their calendar on Monday during 9:30 to 10:00, 10:30 to 11:00, 11:30 to 12:00, 13:00 to 13:30, 16:00 to 17:00; \nGloria is busy on Monday during 9:00 to 9:30, 10:00 to 10:30, 13:00 to 13:30, 15:00 to 15:30; \nLisa has meetings on Monday during 12:30 to 13:00, 13:30 to 14:00; \nPaul has blocked their calendar on Monday during 9:00 to 9:30, 11:00 to 13:00, 13:30 to 14:00, 15:00 to 15:30, 16:30 to 17:00; \nJustin is busy on Monday during 9:30 to 13:00, 13:30 to 14:00, 15:00 to 17:00; \nDiana has blocked their calendar on Monday during 9:00 to 10:30, 11:00 to 11:30, 12:00 to 13:30, 14:00 to 14:30, 15:00 to 15:30, 16:30 to 17:00; \n\nFind a time that works for everyone's schedule and constraints. \nSOLUTION: "", 'golden_plan': 'Here is the proposed time: Monday, 14:30 - 15:00 ', 'pred_5shot_pro': 'Here is the proposed time: Monday, 10:30 - 11:00 \n', 'prompt_0shot': ""You are an expert at scheduling meetings. You are given a few constraints on the existing schedule of each participant, the meeting duration, and possibly some preferences on the meeting time. Note there exists a solution that works with existing schedule of every participant. Here are a few example tasks and solutions:\n\nTASK: You need to schedule a meeting for Brittany, Gloria, Lisa, Paul, Justin and Diana for half an hour between the work hours of 9:00 to 17:00 on Monday. \n\nHere are the existing schedules for everyone during the day: \nBrittany has blocked their calendar on Monday during 9:30 to 10:00, 10:30 to 11:00, 11:30 to 12:00, 13:00 to 13:30, 16:00 to 17:00; \nGloria is busy on Monday during 9:00 to 9:30, 10:00 to 10:30, 13:00 to 13:30, 15:00 to 15:30; \nLisa has meetings on Monday during 12:30 to 13:00, 13:30 to 14:00; \nPaul has blocked their calendar on Monday during 9:00 to 9:30, 11:00 to 13:00, 13:30 to 14:00, 15:00 to 15:30, 16:30 to 17:00; \nJustin is busy on Monday during 9:30 to 13:00, 13:30 to 14:00, 15:00 to 17:00; \nDiana has blocked their calendar on Monday during 9:00 to 10:30, 11:00 to 11:30, 12:00 to 13:30, 14:00 to 14:30, 15:00 to 15:30, 16:30 to 17:00; \n\nFind a time that works for everyone's schedule and constraints. \nSOLUTION: ""}",False,3383.0,3086.0,67.92527508735657,0.0072759999999999995,cal_pot
calendar_scheduling_example_379,"Here is the proposed time: Monday, 09:00 - 09:30","{'num_people': '6', 'num_days': '1', 'duration': '0.5', 'prompt_5shot': ""You are an expert at scheduling meetings. You are given a few constraints on the existing schedule of each participant, the meeting duration, and possibly some preferences on the meeting time. Note there exists a solution that works with existing schedule of every participant. Here are a few example tasks and solutions:\n\nTASK: You need to schedule a meeting for Gabriel, Brandon, Janet, Maria, Joshua and Victoria for half an hour between the work hours of 9:00 to 17:00 on Monday. \n\nHere are the existing schedules for everyone during the day: \nGabrielhas no meetings the whole day.\nBrandon's calendar is wide open the entire day.\nJanet is busy on Monday during 9:30 to 10:00, 13:00 to 13:30; \nMaria has meetings on Monday during 10:00 to 12:00, 13:30 to 14:00, 14:30 to 15:00, 16:00 to 17:00; \nJoshua has meetings on Monday during 9:30 to 10:00, 10:30 to 11:30, 12:30 to 14:00, 14:30 to 15:30; \nVictoria has blocked their calendar on Monday during 9:30 to 10:30, 12:00 to 13:30, 14:30 to 15:00, 15:30 to 16:30; \n\nMaria would like to avoid more meetings on Monday after 14:00. Find a time that works for everyone's schedule and constraints. \nSOLUTION: Here is the proposed time: Monday, 9:00 - 9:30 \n\nTASK: You need to schedule a meeting for Jeffrey, Samantha, Abigail, Amanda, Jordan and Samuel for half an hour between the work hours of 9:00 to 17:00 on Monday. \n\nHere are the existing schedules for everyone during the day: \nJeffrey has meetings on Monday during 10:00 to 11:00, 12:00 to 14:00; \nSamantha is busy on Monday during 9:30 to 10:00, 13:00 to 13:30, 14:00 to 14:30, 15:00 to 15:30, 16:00 to 17:00; \nAbigail has blocked their calendar on Monday during 9:00 to 10:00, 11:30 to 12:00, 16:00 to 16:30; \nAmanda has blocked their calendar on Monday during 9:30 to 15:30, 16:00 to 17:00; \nJordan has meetings on Monday during 9:30 to 10:00, 11:00 to 14:00, 14:30 to 15:30, 16:30 to 17:00; \nSamuel is busy on Monday during 9:00 to 9:30, 10:00 to 13:30, 14:30 to 15:30, 16:00 to 17:00; \n\nFind a time that works for everyone's schedule and constraints. \nSOLUTION: Here is the proposed time: Monday, 15:30 - 16:00 \n\nTASK: You need to schedule a meeting for Janice, Melissa, Helen, Kelly, Catherine and Jordan for half an hour between the work hours of 9:00 to 17:00 on Monday. \n\nHere are the existing schedules for everyone during the day: \nJanice has blocked their calendar on Monday during 10:30 to 11:00, 11:30 to 12:00, 13:00 to 13:30, 14:30 to 15:00, 15:30 to 16:00, 16:30 to 17:00; \nMelissahas no meetings the whole day.\nHelen is busy on Monday during 9:30 to 10:00, 11:30 to 12:00, 15:30 to 16:00, 16:30 to 17:00; \nKelly is busy on Monday during 9:00 to 9:30, 10:00 to 11:00, 11:30 to 17:00; \nCatherine is busy on Monday during 9:00 to 9:30, 10:00 to 10:30, 11:30 to 14:00, 15:30 to 16:00; \nJordan has meetings on Monday during 9:00 to 11:00, 11:30 to 15:00, 15:30 to 17:00; \n\nFind a time that works for everyone's schedule and constraints. \nSOLUTION: Here is the proposed time: Monday, 11:00 - 11:30 \n\nTASK: You need to schedule a meeting for Maria, Joshua, Julia, Gloria, Amy and Judith for half an hour between the work hours of 9:00 to 17:00 on Monday. \n\nHere are the existing schedules for everyone during the day: \nMaria is busy on Monday during 9:30 to 10:00, 10:30 to 11:00, 14:30 to 15:00, 16:30 to 17:00; \nJoshua is busy on Monday during 9:30 to 10:00, 11:00 to 11:30; \nJulia has meetings on Monday during 9:30 to 10:00, 10:30 to 11:00, 11:30 to 12:00, 14:30 to 15:30, 16:00 to 16:30; \nGloria has meetings on Monday during 11:00 to 12:00, 12:30 to 14:00, 14:30 to 17:00; \nAmy has meetings on Monday during 10:30 to 11:00, 11:30 to 12:30, 13:00 to 15:00, 16:30 to 17:00; \nJudith is busy on Monday during 9:30 to 11:00, 11:30 to 12:00, 13:00 to 14:30, 15:00 to 15:30, 16:00 to 17:00; \n\nFind a time that works for everyone's schedule and constraints. \nSOLUTION: Here is the proposed time: Monday, 9:00 - 9:30 \n\nTASK: You need to schedule a meeting for Kimberly, Adam, Terry, Judy, Scott and Elijah for half an hour between the work hours of 9:00 to 17:00 on Monday. \n\nHere are the existing schedules for everyone during the day: \nKimberly has meetings on Monday during 10:00 to 10:30, 15:00 to 15:30; \nAdam has meetings on Monday during 11:30 to 12:00, 12:30 to 13:00; \nTerry has meetings on Monday during 11:30 to 12:30; \nJudy is busy on Monday during 9:00 to 11:00, 12:00 to 13:30, 15:30 to 16:00; \nScott has meetings on Monday during 9:30 to 10:00, 11:00 to 12:00, 12:30 to 13:30, 14:00 to 14:30, 15:00 to 15:30, 16:00 to 16:30; \nElijah has meetings on Monday during 11:00 to 13:30, 14:00 to 16:00, 16:30 to 17:00; \n\nFind a time that works for everyone's schedule and constraints. \nSOLUTION: Here is the proposed time: Monday, 13:30 - 14:00 \n\nTASK: You need to schedule a meeting for Carolyn, Russell, Emma, Maria, Mason and Hannah for half an hour between the work hours of 9:00 to 17:00 on Monday. \n\nHere are the existing schedules for everyone during the day: \nCarolyn has blocked their calendar on Monday during 10:30 to 11:30, 13:00 to 13:30, 14:30 to 15:00; \nRussell is busy on Monday during 14:30 to 15:00, 16:30 to 17:00; \nEmma is busy on Monday during 10:00 to 10:30, 16:30 to 17:00; \nMaria has blocked their calendar on Monday during 9:30 to 10:30, 11:00 to 11:30, 12:30 to 14:30, 15:30 to 17:00; \nMason has blocked their calendar on Monday during 9:30 to 10:30, 11:00 to 11:30, 12:00 to 14:00, 15:00 to 15:30; \nHannah is busy on Monday during 10:00 to 12:30, 13:00 to 13:30, 15:00 to 16:00; \n\nFind a time that works for everyone's schedule and constraints. \nSOLUTION: "", 'golden_plan': 'Here is the proposed time: Monday, 9:00 - 9:30 ', 'pred_5shot_pro': ""Here is the proposed time: **Monday, 9:00 - 9:30** \n\nLet's break down why this works:\n\n* **Carolyn:** Free at 9:00-9:30\n* **Russell:** Free at 9:00-9:30\n* **Emma:** Free at 9:00-9:30\n* **Maria:** Free at 9:00-9:30\n* **Mason:** Free at 9:00-9:30\n* **Hannah:** Free at 9:00-9:30 \n"", 'prompt_0shot': ""You are an expert at scheduling meetings. You are given a few constraints on the existing schedule of each participant, the meeting duration, and possibly some preferences on the meeting time. Note there exists a solution that works with existing schedule of every participant. Here are a few example tasks and solutions:\n\nTASK: You need to schedule a meeting for Carolyn, Russell, Emma, Maria, Mason and Hannah for half an hour between the work hours of 9:00 to 17:00 on Monday. \n\nHere are the existing schedules for everyone during the day: \nCarolyn has blocked their calendar on Monday during 10:30 to 11:30, 13:00 to 13:30, 14:30 to 15:00; \nRussell is busy on Monday during 14:30 to 15:00, 16:30 to 17:00; \nEmma is busy on Monday during 10:00 to 10:30, 16:30 to 17:00; \nMaria has blocked their calendar on Monday during 9:30 to 10:30, 11:00 to 11:30, 12:30 to 14:30, 15:30 to 17:00; \nMason has blocked their calendar on Monday during 9:30 to 10:30, 11:00 to 11:30, 12:00 to 14:00, 15:00 to 15:30; \nHannah is busy on Monday during 10:00 to 12:30, 13:00 to 13:30, 15:00 to 16:00; \n\nFind a time that works for everyone's schedule and constraints. \nSOLUTION: ""}",True,3440.0,1068.0,18.326489210128784,0.0038795999999999995,cal_pot
calendar_scheduling_example_322,"**exception raised**: Code execution failed at line 'slots = find_available_slots(prompt, schedules)' due to: SyntaxError: unterminated string literal (detected at line 10) (<unknown>, line 10)","{'num_people': '6', 'num_days': '1', 'duration': '1', 'prompt_5shot': ""You are an expert at scheduling meetings. You are given a few constraints on the existing schedule of each participant, the meeting duration, and possibly some preferences on the meeting time. Note there exists a solution that works with existing schedule of every participant. Here are a few example tasks and solutions:\n\nTASK: You need to schedule a meeting for Gabriel, Brandon, Janet, Maria, Joshua and Victoria for half an hour between the work hours of 9:00 to 17:00 on Monday. \n\nHere are the existing schedules for everyone during the day: \nGabrielhas no meetings the whole day.\nBrandon's calendar is wide open the entire day.\nJanet is busy on Monday during 9:30 to 10:00, 13:00 to 13:30; \nMaria has meetings on Monday during 10:00 to 12:00, 13:30 to 14:00, 14:30 to 15:00, 16:00 to 17:00; \nJoshua has meetings on Monday during 9:30 to 10:00, 10:30 to 11:30, 12:30 to 14:00, 14:30 to 15:30; \nVictoria has blocked their calendar on Monday during 9:30 to 10:30, 12:00 to 13:30, 14:30 to 15:00, 15:30 to 16:30; \n\nMaria would like to avoid more meetings on Monday after 14:00. Find a time that works for everyone's schedule and constraints. \nSOLUTION: Here is the proposed time: Monday, 9:00 - 9:30 \n\nTASK: You need to schedule a meeting for Jeffrey, Samantha, Abigail, Amanda, Jordan and Samuel for half an hour between the work hours of 9:00 to 17:00 on Monday. \n\nHere are the existing schedules for everyone during the day: \nJeffrey has meetings on Monday during 10:00 to 11:00, 12:00 to 14:00; \nSamantha is busy on Monday during 9:30 to 10:00, 13:00 to 13:30, 14:00 to 14:30, 15:00 to 15:30, 16:00 to 17:00; \nAbigail has blocked their calendar on Monday during 9:00 to 10:00, 11:30 to 12:00, 16:00 to 16:30; \nAmanda has blocked their calendar on Monday during 9:30 to 15:30, 16:00 to 17:00; \nJordan has meetings on Monday during 9:30 to 10:00, 11:00 to 14:00, 14:30 to 15:30, 16:30 to 17:00; \nSamuel is busy on Monday during 9:00 to 9:30, 10:00 to 13:30, 14:30 to 15:30, 16:00 to 17:00; \n\nFind a time that works for everyone's schedule and constraints. \nSOLUTION: Here is the proposed time: Monday, 15:30 - 16:00 \n\nTASK: You need to schedule a meeting for Janice, Melissa, Helen, Kelly, Catherine and Jordan for half an hour between the work hours of 9:00 to 17:00 on Monday. \n\nHere are the existing schedules for everyone during the day: \nJanice has blocked their calendar on Monday during 10:30 to 11:00, 11:30 to 12:00, 13:00 to 13:30, 14:30 to 15:00, 15:30 to 16:00, 16:30 to 17:00; \nMelissahas no meetings the whole day.\nHelen is busy on Monday during 9:30 to 10:00, 11:30 to 12:00, 15:30 to 16:00, 16:30 to 17:00; \nKelly is busy on Monday during 9:00 to 9:30, 10:00 to 11:00, 11:30 to 17:00; \nCatherine is busy on Monday during 9:00 to 9:30, 10:00 to 10:30, 11:30 to 14:00, 15:30 to 16:00; \nJordan has meetings on Monday during 9:00 to 11:00, 11:30 to 15:00, 15:30 to 17:00; \n\nFind a time that works for everyone's schedule and constraints. \nSOLUTION: Here is the proposed time: Monday, 11:00 - 11:30 \n\nTASK: You need to schedule a meeting for Maria, Joshua, Julia, Gloria, Amy and Judith for half an hour between the work hours of 9:00 to 17:00 on Monday. \n\nHere are the existing schedules for everyone during the day: \nMaria is busy on Monday during 9:30 to 10:00, 10:30 to 11:00, 14:30 to 15:00, 16:30 to 17:00; \nJoshua is busy on Monday during 9:30 to 10:00, 11:00 to 11:30; \nJulia has meetings on Monday during 9:30 to 10:00, 10:30 to 11:00, 11:30 to 12:00, 14:30 to 15:30, 16:00 to 16:30; \nGloria has meetings on Monday during 11:00 to 12:00, 12:30 to 14:00, 14:30 to 17:00; \nAmy has meetings on Monday during 10:30 to 11:00, 11:30 to 12:30, 13:00 to 15:00, 16:30 to 17:00; \nJudith is busy on Monday during 9:30 to 11:00, 11:30 to 12:00, 13:00 to 14:30, 15:00 to 15:30, 16:00 to 17:00; \n\nFind a time that works for everyone's schedule and constraints. \nSOLUTION: Here is the proposed time: Monday, 9:00 - 9:30 \n\nTASK: You need to schedule a meeting for Kimberly, Adam, Terry, Judy, Scott and Elijah for half an hour between the work hours of 9:00 to 17:00 on Monday. \n\nHere are the existing schedules for everyone during the day: \nKimberly has meetings on Monday during 10:00 to 10:30, 15:00 to 15:30; \nAdam has meetings on Monday during 11:30 to 12:00, 12:30 to 13:00; \nTerry has meetings on Monday during 11:30 to 12:30; \nJudy is busy on Monday during 9:00 to 11:00, 12:00 to 13:30, 15:30 to 16:00; \nScott has meetings on Monday during 9:30 to 10:00, 11:00 to 12:00, 12:30 to 13:30, 14:00 to 14:30, 15:00 to 15:30, 16:00 to 16:30; \nElijah has meetings on Monday during 11:00 to 13:30, 14:00 to 16:00, 16:30 to 17:00; \n\nFind a time that works for everyone's schedule and constraints. \nSOLUTION: Here is the proposed time: Monday, 13:30 - 14:00 \n\nTASK: You need to schedule a meeting for Kathryn, Jessica, Ruth, Matthew, Jennifer and Alice for one hour between the work hours of 9:00 to 17:00 on Monday. \n\nHere are the existing schedules for everyone during the day: \nKathryn has blocked their calendar on Monday during 9:30 to 10:00, 12:30 to 14:00; \nJessicahas no meetings the whole day.\nRuth has blocked their calendar on Monday during 12:30 to 13:00, 14:30 to 15:00; \nMatthew is busy on Monday during 9:00 to 10:00, 11:30 to 13:00, 13:30 to 15:00, 15:30 to 16:00, 16:30 to 17:00; \nJennifer is busy on Monday during 9:00 to 9:30, 10:00 to 10:30, 11:30 to 12:00, 12:30 to 13:00, 15:00 to 17:00; \nAlice has blocked their calendar on Monday during 9:00 to 10:30, 12:00 to 12:30, 15:00 to 17:00; \n\nFind a time that works for everyone's schedule and constraints. \nSOLUTION: "", 'golden_plan': 'Here is the proposed time: Monday, 10:30 - 11:30 ', 'pred_5shot_pro': 'Here is the proposed time: Monday, 10:30 - 11:30 \n', 'prompt_0shot': ""You are an expert at scheduling meetings. You are given a few constraints on the existing schedule of each participant, the meeting duration, and possibly some preferences on the meeting time. Note there exists a solution that works with existing schedule of every participant. Here are a few example tasks and solutions:\n\nTASK: You need to schedule a meeting for Kathryn, Jessica, Ruth, Matthew, Jennifer and Alice for one hour between the work hours of 9:00 to 17:00 on Monday. \n\nHere are the existing schedules for everyone during the day: \nKathryn has blocked their calendar on Monday during 9:30 to 10:00, 12:30 to 14:00; \nJessicahas no meetings the whole day.\nRuth has blocked their calendar on Monday during 12:30 to 13:00, 14:30 to 15:00; \nMatthew is busy on Monday during 9:00 to 10:00, 11:30 to 13:00, 13:30 to 15:00, 15:30 to 16:00, 16:30 to 17:00; \nJennifer is busy on Monday during 9:00 to 9:30, 10:00 to 10:30, 11:30 to 12:00, 12:30 to 13:00, 15:00 to 17:00; \nAlice has blocked their calendar on Monday during 9:00 to 10:30, 12:00 to 12:30, 15:00 to 17:00; \n\nFind a time that works for everyone's schedule and constraints. \nSOLUTION: ""}",False,3048.0,2952.0,92.99210143089294,0.0068471999999999995,cal_pot
calendar_scheduling_example_390,"Here is the proposed time: Monday, 13:30 - 14:00","{'num_people': '6', 'num_days': '1', 'duration': '0.5', 'prompt_5shot': ""You are an expert at scheduling meetings. You are given a few constraints on the existing schedule of each participant, the meeting duration, and possibly some preferences on the meeting time. Note there exists a solution that works with existing schedule of every participant. Here are a few example tasks and solutions:\n\nTASK: You need to schedule a meeting for Gabriel, Brandon, Janet, Maria, Joshua and Victoria for half an hour between the work hours of 9:00 to 17:00 on Monday. \n\nHere are the existing schedules for everyone during the day: \nGabrielhas no meetings the whole day.\nBrandon's calendar is wide open the entire day.\nJanet is busy on Monday during 9:30 to 10:00, 13:00 to 13:30; \nMaria has meetings on Monday during 10:00 to 12:00, 13:30 to 14:00, 14:30 to 15:00, 16:00 to 17:00; \nJoshua has meetings on Monday during 9:30 to 10:00, 10:30 to 11:30, 12:30 to 14:00, 14:30 to 15:30; \nVictoria has blocked their calendar on Monday during 9:30 to 10:30, 12:00 to 13:30, 14:30 to 15:00, 15:30 to 16:30; \n\nMaria would like to avoid more meetings on Monday after 14:00. Find a time that works for everyone's schedule and constraints. \nSOLUTION: Here is the proposed time: Monday, 9:00 - 9:30 \n\nTASK: You need to schedule a meeting for Jeffrey, Samantha, Abigail, Amanda, Jordan and Samuel for half an hour between the work hours of 9:00 to 17:00 on Monday. \n\nHere are the existing schedules for everyone during the day: \nJeffrey has meetings on Monday during 10:00 to 11:00, 12:00 to 14:00; \nSamantha is busy on Monday during 9:30 to 10:00, 13:00 to 13:30, 14:00 to 14:30, 15:00 to 15:30, 16:00 to 17:00; \nAbigail has blocked their calendar on Monday during 9:00 to 10:00, 11:30 to 12:00, 16:00 to 16:30; \nAmanda has blocked their calendar on Monday during 9:30 to 15:30, 16:00 to 17:00; \nJordan has meetings on Monday during 9:30 to 10:00, 11:00 to 14:00, 14:30 to 15:30, 16:30 to 17:00; \nSamuel is busy on Monday during 9:00 to 9:30, 10:00 to 13:30, 14:30 to 15:30, 16:00 to 17:00; \n\nFind a time that works for everyone's schedule and constraints. \nSOLUTION: Here is the proposed time: Monday, 15:30 - 16:00 \n\nTASK: You need to schedule a meeting for Janice, Melissa, Helen, Kelly, Catherine and Jordan for half an hour between the work hours of 9:00 to 17:00 on Monday. \n\nHere are the existing schedules for everyone during the day: \nJanice has blocked their calendar on Monday during 10:30 to 11:00, 11:30 to 12:00, 13:00 to 13:30, 14:30 to 15:00, 15:30 to 16:00, 16:30 to 17:00; \nMelissahas no meetings the whole day.\nHelen is busy on Monday during 9:30 to 10:00, 11:30 to 12:00, 15:30 to 16:00, 16:30 to 17:00; \nKelly is busy on Monday during 9:00 to 9:30, 10:00 to 11:00, 11:30 to 17:00; \nCatherine is busy on Monday during 9:00 to 9:30, 10:00 to 10:30, 11:30 to 14:00, 15:30 to 16:00; \nJordan has meetings on Monday during 9:00 to 11:00, 11:30 to 15:00, 15:30 to 17:00; \n\nFind a time that works for everyone's schedule and constraints. \nSOLUTION: Here is the proposed time: Monday, 11:00 - 11:30 \n\nTASK: You need to schedule a meeting for Maria, Joshua, Julia, Gloria, Amy and Judith for half an hour between the work hours of 9:00 to 17:00 on Monday. \n\nHere are the existing schedules for everyone during the day: \nMaria is busy on Monday during 9:30 to 10:00, 10:30 to 11:00, 14:30 to 15:00, 16:30 to 17:00; \nJoshua is busy on Monday during 9:30 to 10:00, 11:00 to 11:30; \nJulia has meetings on Monday during 9:30 to 10:00, 10:30 to 11:00, 11:30 to 12:00, 14:30 to 15:30, 16:00 to 16:30; \nGloria has meetings on Monday during 11:00 to 12:00, 12:30 to 14:00, 14:30 to 17:00; \nAmy has meetings on Monday during 10:30 to 11:00, 11:30 to 12:30, 13:00 to 15:00, 16:30 to 17:00; \nJudith is busy on Monday during 9:30 to 11:00, 11:30 to 12:00, 13:00 to 14:30, 15:00 to 15:30, 16:00 to 17:00; \n\nFind a time that works for everyone's schedule and constraints. \nSOLUTION: Here is the proposed time: Monday, 9:00 - 9:30 \n\nTASK: You need to schedule a meeting for Kimberly, Adam, Terry, Judy, Scott and Elijah for half an hour between the work hours of 9:00 to 17:00 on Monday. \n\nHere are the existing schedules for everyone during the day: \nKimberly has meetings on Monday during 10:00 to 10:30, 15:00 to 15:30; \nAdam has meetings on Monday during 11:30 to 12:00, 12:30 to 13:00; \nTerry has meetings on Monday during 11:30 to 12:30; \nJudy is busy on Monday during 9:00 to 11:00, 12:00 to 13:30, 15:30 to 16:00; \nScott has meetings on Monday during 9:30 to 10:00, 11:00 to 12:00, 12:30 to 13:30, 14:00 to 14:30, 15:00 to 15:30, 16:00 to 16:30; \nElijah has meetings on Monday during 11:00 to 13:30, 14:00 to 16:00, 16:30 to 17:00; \n\nFind a time that works for everyone's schedule and constraints. \nSOLUTION: Here is the proposed time: Monday, 13:30 - 14:00 \n\nTASK: You need to schedule a meeting for Jason, Christopher, Katherine, Justin, Abigail and Kayla for half an hour between the work hours of 9:00 to 17:00 on Monday. \n\nHere are the existing schedules for everyone during the day: \nJason's calendar is wide open the entire day.\nChristopherhas no meetings the whole day.\nKatherine has blocked their calendar on Monday during 10:00 to 10:30, 11:00 to 11:30, 12:30 to 13:30, 15:00 to 15:30, 16:30 to 17:00; \nJustin has meetings on Monday during 9:00 to 10:30, 11:00 to 12:00, 12:30 to 13:30, 14:30 to 15:00, 15:30 to 16:30; \nAbigail has meetings on Monday during 10:30 to 11:00, 12:30 to 15:00, 15:30 to 16:30; \nKayla is busy on Monday during 9:30 to 10:00, 11:30 to 12:00, 12:30 to 14:00, 14:30 to 15:00, 15:30 to 16:30; \n\nFind a time that works for everyone's schedule and constraints. \nSOLUTION: "", 'golden_plan': 'Here is the proposed time: Monday, 12:00 - 12:30 ', 'pred_5shot_pro': ""Here is the proposed time: **Monday, 9:00 - 9:30** \n\nLet's break down why this works:\n\n* **Jason & Christopher:**  Have no meetings all day.\n* **Katherine:** Her first meeting is at 10:00.\n* **Justin:** His first meeting is at 9:00, but it ends at 9:30.\n* **Abigail:** Her first meeting is at 10:30.\n* **Kayla:** Her first meeting is at 9:30. \n"", 'prompt_0shot': ""You are an expert at scheduling meetings. You are given a few constraints on the existing schedule of each participant, the meeting duration, and possibly some preferences on the meeting time. Note there exists a solution that works with existing schedule of every participant. Here are a few example tasks and solutions:\n\nTASK: You need to schedule a meeting for Jason, Christopher, Katherine, Justin, Abigail and Kayla for half an hour between the work hours of 9:00 to 17:00 on Monday. \n\nHere are the existing schedules for everyone during the day: \nJason's calendar is wide open the entire day.\nChristopherhas no meetings the whole day.\nKatherine has blocked their calendar on Monday during 10:00 to 10:30, 11:00 to 11:30, 12:30 to 13:30, 15:00 to 15:30, 16:30 to 17:00; \nJustin has meetings on Monday during 9:00 to 10:30, 11:00 to 12:00, 12:30 to 13:30, 14:30 to 15:00, 15:30 to 16:30; \nAbigail has meetings on Monday during 10:30 to 11:00, 12:30 to 15:00, 15:30 to 16:30; \nKayla is busy on Monday during 9:30 to 10:00, 11:30 to 12:00, 12:30 to 14:00, 14:30 to 15:00, 15:30 to 16:30; \n\nFind a time that works for everyone's schedule and constraints. \nSOLUTION: ""}",False,3441.0,1492.0,25.92174220085144,0.004600999999999999,cal_pot
calendar_scheduling_example_320,"Here is the proposed time: Monday, 13:00 - 13:30","{'num_people': '6', 'num_days': '1', 'duration': '0.5', 'prompt_5shot': ""You are an expert at scheduling meetings. You are given a few constraints on the existing schedule of each participant, the meeting duration, and possibly some preferences on the meeting time. Note there exists a solution that works with existing schedule of every participant. Here are a few example tasks and solutions:\n\nTASK: You need to schedule a meeting for Gabriel, Brandon, Janet, Maria, Joshua and Victoria for half an hour between the work hours of 9:00 to 17:00 on Monday. \n\nHere are the existing schedules for everyone during the day: \nGabrielhas no meetings the whole day.\nBrandon's calendar is wide open the entire day.\nJanet is busy on Monday during 9:30 to 10:00, 13:00 to 13:30; \nMaria has meetings on Monday during 10:00 to 12:00, 13:30 to 14:00, 14:30 to 15:00, 16:00 to 17:00; \nJoshua has meetings on Monday during 9:30 to 10:00, 10:30 to 11:30, 12:30 to 14:00, 14:30 to 15:30; \nVictoria has blocked their calendar on Monday during 9:30 to 10:30, 12:00 to 13:30, 14:30 to 15:00, 15:30 to 16:30; \n\nMaria would like to avoid more meetings on Monday after 14:00. Find a time that works for everyone's schedule and constraints. \nSOLUTION: Here is the proposed time: Monday, 9:00 - 9:30 \n\nTASK: You need to schedule a meeting for Jeffrey, Samantha, Abigail, Amanda, Jordan and Samuel for half an hour between the work hours of 9:00 to 17:00 on Monday. \n\nHere are the existing schedules for everyone during the day: \nJeffrey has meetings on Monday during 10:00 to 11:00, 12:00 to 14:00; \nSamantha is busy on Monday during 9:30 to 10:00, 13:00 to 13:30, 14:00 to 14:30, 15:00 to 15:30, 16:00 to 17:00; \nAbigail has blocked their calendar on Monday during 9:00 to 10:00, 11:30 to 12:00, 16:00 to 16:30; \nAmanda has blocked their calendar on Monday during 9:30 to 15:30, 16:00 to 17:00; \nJordan has meetings on Monday during 9:30 to 10:00, 11:00 to 14:00, 14:30 to 15:30, 16:30 to 17:00; \nSamuel is busy on Monday during 9:00 to 9:30, 10:00 to 13:30, 14:30 to 15:30, 16:00 to 17:00; \n\nFind a time that works for everyone's schedule and constraints. \nSOLUTION: Here is the proposed time: Monday, 15:30 - 16:00 \n\nTASK: You need to schedule a meeting for Janice, Melissa, Helen, Kelly, Catherine and Jordan for half an hour between the work hours of 9:00 to 17:00 on Monday. \n\nHere are the existing schedules for everyone during the day: \nJanice has blocked their calendar on Monday during 10:30 to 11:00, 11:30 to 12:00, 13:00 to 13:30, 14:30 to 15:00, 15:30 to 16:00, 16:30 to 17:00; \nMelissahas no meetings the whole day.\nHelen is busy on Monday during 9:30 to 10:00, 11:30 to 12:00, 15:30 to 16:00, 16:30 to 17:00; \nKelly is busy on Monday during 9:00 to 9:30, 10:00 to 11:00, 11:30 to 17:00; \nCatherine is busy on Monday during 9:00 to 9:30, 10:00 to 10:30, 11:30 to 14:00, 15:30 to 16:00; \nJordan has meetings on Monday during 9:00 to 11:00, 11:30 to 15:00, 15:30 to 17:00; \n\nFind a time that works for everyone's schedule and constraints. \nSOLUTION: Here is the proposed time: Monday, 11:00 - 11:30 \n\nTASK: You need to schedule a meeting for Maria, Joshua, Julia, Gloria, Amy and Judith for half an hour between the work hours of 9:00 to 17:00 on Monday. \n\nHere are the existing schedules for everyone during the day: \nMaria is busy on Monday during 9:30 to 10:00, 10:30 to 11:00, 14:30 to 15:00, 16:30 to 17:00; \nJoshua is busy on Monday during 9:30 to 10:00, 11:00 to 11:30; \nJulia has meetings on Monday during 9:30 to 10:00, 10:30 to 11:00, 11:30 to 12:00, 14:30 to 15:30, 16:00 to 16:30; \nGloria has meetings on Monday during 11:00 to 12:00, 12:30 to 14:00, 14:30 to 17:00; \nAmy has meetings on Monday during 10:30 to 11:00, 11:30 to 12:30, 13:00 to 15:00, 16:30 to 17:00; \nJudith is busy on Monday during 9:30 to 11:00, 11:30 to 12:00, 13:00 to 14:30, 15:00 to 15:30, 16:00 to 17:00; \n\nFind a time that works for everyone's schedule and constraints. \nSOLUTION: Here is the proposed time: Monday, 9:00 - 9:30 \n\nTASK: You need to schedule a meeting for Kimberly, Adam, Terry, Judy, Scott and Elijah for half an hour between the work hours of 9:00 to 17:00 on Monday. \n\nHere are the existing schedules for everyone during the day: \nKimberly has meetings on Monday during 10:00 to 10:30, 15:00 to 15:30; \nAdam has meetings on Monday during 11:30 to 12:00, 12:30 to 13:00; \nTerry has meetings on Monday during 11:30 to 12:30; \nJudy is busy on Monday during 9:00 to 11:00, 12:00 to 13:30, 15:30 to 16:00; \nScott has meetings on Monday during 9:30 to 10:00, 11:00 to 12:00, 12:30 to 13:30, 14:00 to 14:30, 15:00 to 15:30, 16:00 to 16:30; \nElijah has meetings on Monday during 11:00 to 13:30, 14:00 to 16:00, 16:30 to 17:00; \n\nFind a time that works for everyone's schedule and constraints. \nSOLUTION: Here is the proposed time: Monday, 13:30 - 14:00 \n\nTASK: You need to schedule a meeting for Diane, Christian, Jeffrey, Vincent, Ethan and Christine for half an hour between the work hours of 9:00 to 17:00 on Monday. \n\nHere are the existing schedules for everyone during the day: \nDiane has blocked their calendar on Monday during 9:00 to 9:30, 12:30 to 13:00; \nChristian has meetings on Monday during 11:30 to 12:00, 12:30 to 13:00; \nJeffrey's calendar is wide open the entire day.\nVincent has blocked their calendar on Monday during 9:30 to 10:30, 11:30 to 13:30, 14:30 to 15:00, 16:30 to 17:00; \nEthan has meetings on Monday during 9:00 to 11:00, 11:30 to 12:00, 12:30 to 13:00, 13:30 to 14:30, 15:00 to 17:00; \nChristine is busy on Monday during 9:00 to 11:00, 11:30 to 16:30; \n\nFind a time that works for everyone's schedule and constraints. \nSOLUTION: "", 'golden_plan': 'Here is the proposed time: Monday, 11:00 - 11:30 ', 'pred_5shot_pro': ""Here is the proposed time: **Monday, 16:30 - 17:00** \n\n**Explanation:**\n\nLet's break down why this time works:\n\n* **Diane:** Free after 13:00.\n* **Christian:** Free after 13:00.\n* **Jeffrey:** Free all day.\n* **Vincent:**  Only free slot is 16:30-17:00\n* **Ethan:** Only free slot is 16:30-17:00\n* **Christine:** Only free slot is 16:30-17:00 \n\nThis is the only 30-minute window where everyone is available. \n"", 'prompt_0shot': ""You are an expert at scheduling meetings. You are given a few constraints on the existing schedule of each participant, the meeting duration, and possibly some preferences on the meeting time. Note there exists a solution that works with existing schedule of every participant. Here are a few example tasks and solutions:\n\nTASK: You need to schedule a meeting for Diane, Christian, Jeffrey, Vincent, Ethan and Christine for half an hour between the work hours of 9:00 to 17:00 on Monday. \n\nHere are the existing schedules for everyone during the day: \nDiane has blocked their calendar on Monday during 9:00 to 9:30, 12:30 to 13:00; \nChristian has meetings on Monday during 11:30 to 12:00, 12:30 to 13:00; \nJeffrey's calendar is wide open the entire day.\nVincent has blocked their calendar on Monday during 9:30 to 10:30, 11:30 to 13:30, 14:30 to 15:00, 16:30 to 17:00; \nEthan has meetings on Monday during 9:00 to 11:00, 11:30 to 12:00, 12:30 to 13:00, 13:30 to 14:30, 15:00 to 17:00; \nChristine is busy on Monday during 9:00 to 11:00, 11:30 to 16:30; \n\nFind a time that works for everyone's schedule and constraints. \nSOLUTION: ""}",False,3309.0,960.0,23.927918910980225,0.0036173999999999998,cal_pot
calendar_scheduling_example_492,"Here is the proposed time: Monday, 11:00 - 11:30","{'num_people': '7', 'num_days': '1', 'duration': '0.5', 'prompt_5shot': ""You are an expert at scheduling meetings. You are given a few constraints on the existing schedule of each participant, the meeting duration, and possibly some preferences on the meeting time. Note there exists a solution that works with existing schedule of every participant. Here are a few example tasks and solutions:\n\nTASK: You need to schedule a meeting for Dennis, Karen, Ashley, Rebecca, Bradley, Vincent and Bryan for half an hour between the work hours of 9:00 to 17:00 on Monday. \n\nHere are the existing schedules for everyone during the day: \nDennis has blocked their calendar on Monday during 15:30 to 16:00, 16:30 to 17:00; \nKaren is free the entire day.\nAshley is busy on Monday during 10:30 to 11:00, 14:00 to 15:00, 15:30 to 16:00; \nRebecca has meetings on Monday during 13:00 to 14:00; \nBradley has blocked their calendar on Monday during 9:00 to 11:00, 12:00 to 17:00; \nVincent has blocked their calendar on Monday during 10:00 to 11:30, 12:00 to 14:00, 14:30 to 15:00; \nBryan has blocked their calendar on Monday during 9:00 to 10:00, 10:30 to 11:30, 12:00 to 12:30, 14:00 to 15:00, 15:30 to 16:00; \n\nFind a time that works for everyone's schedule and constraints. \nSOLUTION: Here is the proposed time: Monday, 11:30 - 12:00 \n\nTASK: You need to schedule a meeting for Jerry, Abigail, Charlotte, Jessica, Sarah, Carol and Joan for half an hour between the work hours of 9:00 to 17:00 on Monday. \n\nHere are the existing schedules for everyone during the day: \nJerry is busy on Monday during 10:30 to 11:00, 11:30 to 12:00, 13:00 to 13:30, 14:30 to 15:00; \nAbigail is busy on Monday during 9:00 to 9:30, 11:00 to 11:30, 13:00 to 13:30, 14:30 to 15:00, 15:30 to 16:30; \nCharlotte has meetings on Monday during 12:00 to 12:30, 15:00 to 15:30, 16:00 to 17:00; \nJessica's calendar is wide open the entire day.\nSarah is busy on Monday during 10:30 to 11:30, 13:00 to 13:30, 14:30 to 17:00; \nCarol has meetings on Monday during 9:00 to 10:00, 10:30 to 15:30, 16:00 to 17:00; \nJoan has blocked their calendar on Monday during 10:30 to 13:00, 13:30 to 14:00, 15:00 to 17:00; \n\nFind a time that works for everyone's schedule and constraints. \nSOLUTION: Here is the proposed time: Monday, 10:00 - 10:30 \n\nTASK: You need to schedule a meeting for Martha, Julia, Zachary, Joseph, Joshua, Arthur and Frances for half an hour between the work hours of 9:00 to 17:00 on Monday. \n\nHere are the existing schedules for everyone during the day: \nMarthahas no meetings the whole day.\nJulia has blocked their calendar on Monday during 11:00 to 11:30, 12:30 to 13:00, 13:30 to 14:00, 16:30 to 17:00; \nZachary has blocked their calendar on Monday during 13:30 to 14:00, 15:00 to 15:30; \nJoseph has blocked their calendar on Monday during 9:00 to 9:30, 10:00 to 10:30, 12:00 to 13:00, 14:30 to 15:30; \nJoshua has blocked their calendar on Monday during 9:00 to 9:30, 10:00 to 10:30, 11:30 to 12:30, 13:00 to 14:00, 15:30 to 16:30; \nArthur has meetings on Monday during 9:00 to 9:30, 11:00 to 12:00, 13:00 to 14:30, 16:00 to 17:00; \nFrances has meetings on Monday during 10:30 to 13:30, 15:00 to 15:30, 16:00 to 16:30; \n\nFind a time that works for everyone's schedule and constraints. \nSOLUTION: Here is the proposed time: Monday, 9:30 - 10:00 \n\nTASK: You need to schedule a meeting for Angela, Timothy, Julie, Emma, Madison, Daniel and Kimberly for half an hour between the work hours of 9:00 to 17:00 on Monday. \n\nHere are the existing schedules for everyone during the day: \nAngela has meetings on Monday during 10:30 to 11:00, 14:30 to 15:00; \nTimothy is free the entire day.\nJulie is busy on Monday during 14:00 to 14:30, 15:00 to 15:30; \nEmma has meetings on Monday during 12:30 to 13:30; \nMadison has meetings on Monday during 9:30 to 10:30, 11:30 to 12:30, 13:30 to 14:00, 14:30 to 15:00, 15:30 to 16:30; \nDaniel is busy on Monday during 10:00 to 14:00, 14:30 to 15:30, 16:00 to 17:00; \nKimberly has meetings on Monday during 10:00 to 10:30, 11:00 to 14:00, 14:30 to 17:00; \n\nFind a time that works for everyone's schedule and constraints. \nSOLUTION: Here is the proposed time: Monday, 9:00 - 9:30 \n\nTASK: You need to schedule a meeting for William, Ronald, Elizabeth, Justin, Gregory, Philip and Evelyn for half an hour between the work hours of 9:00 to 17:00 on Monday. \n\nHere are the existing schedules for everyone during the day: \nWilliam is busy on Monday during 10:00 to 10:30, 12:30 to 13:00, 16:00 to 17:00; \nRonaldhas no meetings the whole day.\nElizabeth is busy on Monday during 9:00 to 10:00, 12:30 to 13:00, 14:30 to 15:00; \nJustin is busy on Monday during 12:00 to 12:30, 14:00 to 14:30; \nGregory has blocked their calendar on Monday during 10:00 to 10:30, 12:00 to 13:30, 14:00 to 15:00, 15:30 to 16:30; \nPhilip has blocked their calendar on Monday during 9:00 to 11:00, 12:30 to 13:30, 15:00 to 15:30, 16:00 to 16:30; \nEvelyn has blocked their calendar on Monday during 9:00 to 11:00, 11:30 to 13:30, 14:00 to 17:00; \n\nJustin do not want to meet on Monday after 13:30. Find a time that works for everyone's schedule and constraints. \nSOLUTION: Here is the proposed time: Monday, 11:00 - 11:30 \n\nTASK: You need to schedule a meeting for David, Julie, Natalie, Michelle, Brittany, Richard and Christine for half an hour between the work hours of 9:00 to 17:00 on Monday. \n\nHere are the existing schedules for everyone during the day: \nDavid is free the entire day.\nJulie is busy on Monday during 11:30 to 12:00, 14:30 to 15:00; \nNatalie has blocked their calendar on Monday during 13:30 to 14:30; \nMichelle is free the entire day.\nBrittany has blocked their calendar on Monday during 9:00 to 10:30, 11:30 to 12:30, 13:00 to 13:30, 14:00 to 17:00; \nRichard has meetings on Monday during 9:00 to 11:00, 11:30 to 13:00, 13:30 to 17:00; \nChristine is busy on Monday during 9:00 to 10:30, 12:00 to 14:30, 15:00 to 15:30, 16:30 to 17:00; \n\nFind a time that works for everyone's schedule and constraints. \nSOLUTION: "", 'golden_plan': 'Here is the proposed time: Monday, 11:00 - 11:30 ', 'pred_5shot_pro': ""Here is the proposed time: **Monday, 10:30 - 11:00** \n\nLet's break down why this works:\n\n* **David and Michelle:** Free all day.\n* **Julie:** Free until 11:30.\n* **Natalie:** Free until 13:30.\n* **Brittany:** Busy until 10:30, then free until 11:30.\n* **Richard:** Busy until 11:00, then busy again from 11:30 onward.\n* **Christine:** Busy until 10:30, then busy again from 12:00 onward.\n\nThe only window that fits everyone is between 10:30 and 11:00. \n"", 'prompt_0shot': ""You are an expert at scheduling meetings. You are given a few constraints on the existing schedule of each participant, the meeting duration, and possibly some preferences on the meeting time. Note there exists a solution that works with existing schedule of every participant. Here are a few example tasks and solutions:\n\nTASK: You need to schedule a meeting for David, Julie, Natalie, Michelle, Brittany, Richard and Christine for half an hour between the work hours of 9:00 to 17:00 on Monday. \n\nHere are the existing schedules for everyone during the day: \nDavid is free the entire day.\nJulie is busy on Monday during 11:30 to 12:00, 14:30 to 15:00; \nNatalie has blocked their calendar on Monday during 13:30 to 14:30; \nMichelle is free the entire day.\nBrittany has blocked their calendar on Monday during 9:00 to 10:30, 11:30 to 12:30, 13:00 to 13:30, 14:00 to 17:00; \nRichard has meetings on Monday during 9:00 to 11:00, 11:30 to 13:00, 13:30 to 17:00; \nChristine is busy on Monday during 9:00 to 10:30, 12:00 to 14:30, 15:00 to 15:30, 16:30 to 17:00; \n\nFind a time that works for everyone's schedule and constraints. \nSOLUTION: ""}",True,3306.0,1621.0,36.70918154716492,0.0047393,cal_pot
calendar_scheduling_example_463,"**exception raised**: Code execution failed at line 'slots = find_available_slots(prompt, schedules)' due to: SyntaxError: closing parenthesis ')' does not match opening parenthesis '[' (<unknown>, line 133)","{'num_people': '7', 'num_days': '1', 'duration': '0.5', 'prompt_5shot': ""You are an expert at scheduling meetings. You are given a few constraints on the existing schedule of each participant, the meeting duration, and possibly some preferences on the meeting time. Note there exists a solution that works with existing schedule of every participant. Here are a few example tasks and solutions:\n\nTASK: You need to schedule a meeting for Dennis, Karen, Ashley, Rebecca, Bradley, Vincent and Bryan for half an hour between the work hours of 9:00 to 17:00 on Monday. \n\nHere are the existing schedules for everyone during the day: \nDennis has blocked their calendar on Monday during 15:30 to 16:00, 16:30 to 17:00; \nKaren is free the entire day.\nAshley is busy on Monday during 10:30 to 11:00, 14:00 to 15:00, 15:30 to 16:00; \nRebecca has meetings on Monday during 13:00 to 14:00; \nBradley has blocked their calendar on Monday during 9:00 to 11:00, 12:00 to 17:00; \nVincent has blocked their calendar on Monday during 10:00 to 11:30, 12:00 to 14:00, 14:30 to 15:00; \nBryan has blocked their calendar on Monday during 9:00 to 10:00, 10:30 to 11:30, 12:00 to 12:30, 14:00 to 15:00, 15:30 to 16:00; \n\nFind a time that works for everyone's schedule and constraints. \nSOLUTION: Here is the proposed time: Monday, 11:30 - 12:00 \n\nTASK: You need to schedule a meeting for Jerry, Abigail, Charlotte, Jessica, Sarah, Carol and Joan for half an hour between the work hours of 9:00 to 17:00 on Monday. \n\nHere are the existing schedules for everyone during the day: \nJerry is busy on Monday during 10:30 to 11:00, 11:30 to 12:00, 13:00 to 13:30, 14:30 to 15:00; \nAbigail is busy on Monday during 9:00 to 9:30, 11:00 to 11:30, 13:00 to 13:30, 14:30 to 15:00, 15:30 to 16:30; \nCharlotte has meetings on Monday during 12:00 to 12:30, 15:00 to 15:30, 16:00 to 17:00; \nJessica's calendar is wide open the entire day.\nSarah is busy on Monday during 10:30 to 11:30, 13:00 to 13:30, 14:30 to 17:00; \nCarol has meetings on Monday during 9:00 to 10:00, 10:30 to 15:30, 16:00 to 17:00; \nJoan has blocked their calendar on Monday during 10:30 to 13:00, 13:30 to 14:00, 15:00 to 17:00; \n\nFind a time that works for everyone's schedule and constraints. \nSOLUTION: Here is the proposed time: Monday, 10:00 - 10:30 \n\nTASK: You need to schedule a meeting for Martha, Julia, Zachary, Joseph, Joshua, Arthur and Frances for half an hour between the work hours of 9:00 to 17:00 on Monday. \n\nHere are the existing schedules for everyone during the day: \nMarthahas no meetings the whole day.\nJulia has blocked their calendar on Monday during 11:00 to 11:30, 12:30 to 13:00, 13:30 to 14:00, 16:30 to 17:00; \nZachary has blocked their calendar on Monday during 13:30 to 14:00, 15:00 to 15:30; \nJoseph has blocked their calendar on Monday during 9:00 to 9:30, 10:00 to 10:30, 12:00 to 13:00, 14:30 to 15:30; \nJoshua has blocked their calendar on Monday during 9:00 to 9:30, 10:00 to 10:30, 11:30 to 12:30, 13:00 to 14:00, 15:30 to 16:30; \nArthur has meetings on Monday during 9:00 to 9:30, 11:00 to 12:00, 13:00 to 14:30, 16:00 to 17:00; \nFrances has meetings on Monday during 10:30 to 13:30, 15:00 to 15:30, 16:00 to 16:30; \n\nFind a time that works for everyone's schedule and constraints. \nSOLUTION: Here is the proposed time: Monday, 9:30 - 10:00 \n\nTASK: You need to schedule a meeting for Angela, Timothy, Julie, Emma, Madison, Daniel and Kimberly for half an hour between the work hours of 9:00 to 17:00 on Monday. \n\nHere are the existing schedules for everyone during the day: \nAngela has meetings on Monday during 10:30 to 11:00, 14:30 to 15:00; \nTimothy is free the entire day.\nJulie is busy on Monday during 14:00 to 14:30, 15:00 to 15:30; \nEmma has meetings on Monday during 12:30 to 13:30; \nMadison has meetings on Monday during 9:30 to 10:30, 11:30 to 12:30, 13:30 to 14:00, 14:30 to 15:00, 15:30 to 16:30; \nDaniel is busy on Monday during 10:00 to 14:00, 14:30 to 15:30, 16:00 to 17:00; \nKimberly has meetings on Monday during 10:00 to 10:30, 11:00 to 14:00, 14:30 to 17:00; \n\nFind a time that works for everyone's schedule and constraints. \nSOLUTION: Here is the proposed time: Monday, 9:00 - 9:30 \n\nTASK: You need to schedule a meeting for William, Ronald, Elizabeth, Justin, Gregory, Philip and Evelyn for half an hour between the work hours of 9:00 to 17:00 on Monday. \n\nHere are the existing schedules for everyone during the day: \nWilliam is busy on Monday during 10:00 to 10:30, 12:30 to 13:00, 16:00 to 17:00; \nRonaldhas no meetings the whole day.\nElizabeth is busy on Monday during 9:00 to 10:00, 12:30 to 13:00, 14:30 to 15:00; \nJustin is busy on Monday during 12:00 to 12:30, 14:00 to 14:30; \nGregory has blocked their calendar on Monday during 10:00 to 10:30, 12:00 to 13:30, 14:00 to 15:00, 15:30 to 16:30; \nPhilip has blocked their calendar on Monday during 9:00 to 11:00, 12:30 to 13:30, 15:00 to 15:30, 16:00 to 16:30; \nEvelyn has blocked their calendar on Monday during 9:00 to 11:00, 11:30 to 13:30, 14:00 to 17:00; \n\nJustin do not want to meet on Monday after 13:30. Find a time that works for everyone's schedule and constraints. \nSOLUTION: Here is the proposed time: Monday, 11:00 - 11:30 \n\nTASK: You need to schedule a meeting for Joyce, Diana, Emma, Gregory, Tyler, Jacob and Bruce for half an hour between the work hours of 9:00 to 17:00 on Monday. \n\nHere are the existing schedules for everyone during the day: \nJoyce has blocked their calendar on Monday during 10:30 to 11:30, 12:30 to 14:00, 15:00 to 15:30; \nDiana is busy on Monday during 9:00 to 9:30, 16:00 to 16:30; \nEmma has meetings on Monday during 9:00 to 9:30, 12:00 to 12:30, 13:00 to 13:30, 14:00 to 14:30; \nGregory has meetings on Monday during 10:00 to 10:30, 16:30 to 17:00; \nTyler has blocked their calendar on Monday during 9:00 to 9:30, 10:00 to 10:30, 11:00 to 14:00; \nJacob has blocked their calendar on Monday during 9:00 to 11:00, 11:30 to 12:00, 12:30 to 14:00, 15:30 to 16:30; \nBruce has blocked their calendar on Monday during 9:00 to 9:30, 10:00 to 11:30, 12:00 to 14:30, 15:00 to 16:00, 16:30 to 17:00; \n\nFind a time that works for everyone's schedule and constraints. \nSOLUTION: "", 'golden_plan': 'Here is the proposed time: Monday, 14:30 - 15:00 ', 'pred_5shot_pro': 'SOLUTION: Here is the proposed time: Monday, 14:30 - 15:00 \n', 'prompt_0shot': ""You are an expert at scheduling meetings. You are given a few constraints on the existing schedule of each participant, the meeting duration, and possibly some preferences on the meeting time. Note there exists a solution that works with existing schedule of every participant. Here are a few example tasks and solutions:\n\nTASK: You need to schedule a meeting for Joyce, Diana, Emma, Gregory, Tyler, Jacob and Bruce for half an hour between the work hours of 9:00 to 17:00 on Monday. \n\nHere are the existing schedules for everyone during the day: \nJoyce has blocked their calendar on Monday during 10:30 to 11:30, 12:30 to 14:00, 15:00 to 15:30; \nDiana is busy on Monday during 9:00 to 9:30, 16:00 to 16:30; \nEmma has meetings on Monday during 9:00 to 9:30, 12:00 to 12:30, 13:00 to 13:30, 14:00 to 14:30; \nGregory has meetings on Monday during 10:00 to 10:30, 16:30 to 17:00; \nTyler has blocked their calendar on Monday during 9:00 to 9:30, 10:00 to 10:30, 11:00 to 14:00; \nJacob has blocked their calendar on Monday during 9:00 to 11:00, 11:30 to 12:00, 12:30 to 14:00, 15:30 to 16:30; \nBruce has blocked their calendar on Monday during 9:00 to 9:30, 10:00 to 11:30, 12:00 to 14:30, 15:00 to 16:00, 16:30 to 17:00; \n\nFind a time that works for everyone's schedule and constraints. \nSOLUTION: ""}",False,3346.0,3210.0,65.02164697647095,0.0074646,cal_pot
calendar_scheduling_example_499,"Here is the proposed time: Monday, 13:30 - 14:00","{'num_people': '7', 'num_days': '1', 'duration': '0.5', 'prompt_5shot': ""You are an expert at scheduling meetings. You are given a few constraints on the existing schedule of each participant, the meeting duration, and possibly some preferences on the meeting time. Note there exists a solution that works with existing schedule of every participant. Here are a few example tasks and solutions:\n\nTASK: You need to schedule a meeting for Dennis, Karen, Ashley, Rebecca, Bradley, Vincent and Bryan for half an hour between the work hours of 9:00 to 17:00 on Monday. \n\nHere are the existing schedules for everyone during the day: \nDennis has blocked their calendar on Monday during 15:30 to 16:00, 16:30 to 17:00; \nKaren is free the entire day.\nAshley is busy on Monday during 10:30 to 11:00, 14:00 to 15:00, 15:30 to 16:00; \nRebecca has meetings on Monday during 13:00 to 14:00; \nBradley has blocked their calendar on Monday during 9:00 to 11:00, 12:00 to 17:00; \nVincent has blocked their calendar on Monday during 10:00 to 11:30, 12:00 to 14:00, 14:30 to 15:00; \nBryan has blocked their calendar on Monday during 9:00 to 10:00, 10:30 to 11:30, 12:00 to 12:30, 14:00 to 15:00, 15:30 to 16:00; \n\nFind a time that works for everyone's schedule and constraints. \nSOLUTION: Here is the proposed time: Monday, 11:30 - 12:00 \n\nTASK: You need to schedule a meeting for Jerry, Abigail, Charlotte, Jessica, Sarah, Carol and Joan for half an hour between the work hours of 9:00 to 17:00 on Monday. \n\nHere are the existing schedules for everyone during the day: \nJerry is busy on Monday during 10:30 to 11:00, 11:30 to 12:00, 13:00 to 13:30, 14:30 to 15:00; \nAbigail is busy on Monday during 9:00 to 9:30, 11:00 to 11:30, 13:00 to 13:30, 14:30 to 15:00, 15:30 to 16:30; \nCharlotte has meetings on Monday during 12:00 to 12:30, 15:00 to 15:30, 16:00 to 17:00; \nJessica's calendar is wide open the entire day.\nSarah is busy on Monday during 10:30 to 11:30, 13:00 to 13:30, 14:30 to 17:00; \nCarol has meetings on Monday during 9:00 to 10:00, 10:30 to 15:30, 16:00 to 17:00; \nJoan has blocked their calendar on Monday during 10:30 to 13:00, 13:30 to 14:00, 15:00 to 17:00; \n\nFind a time that works for everyone's schedule and constraints. \nSOLUTION: Here is the proposed time: Monday, 10:00 - 10:30 \n\nTASK: You need to schedule a meeting for Martha, Julia, Zachary, Joseph, Joshua, Arthur and Frances for half an hour between the work hours of 9:00 to 17:00 on Monday. \n\nHere are the existing schedules for everyone during the day: \nMarthahas no meetings the whole day.\nJulia has blocked their calendar on Monday during 11:00 to 11:30, 12:30 to 13:00, 13:30 to 14:00, 16:30 to 17:00; \nZachary has blocked their calendar on Monday during 13:30 to 14:00, 15:00 to 15:30; \nJoseph has blocked their calendar on Monday during 9:00 to 9:30, 10:00 to 10:30, 12:00 to 13:00, 14:30 to 15:30; \nJoshua has blocked their calendar on Monday during 9:00 to 9:30, 10:00 to 10:30, 11:30 to 12:30, 13:00 to 14:00, 15:30 to 16:30; \nArthur has meetings on Monday during 9:00 to 9:30, 11:00 to 12:00, 13:00 to 14:30, 16:00 to 17:00; \nFrances has meetings on Monday during 10:30 to 13:30, 15:00 to 15:30, 16:00 to 16:30; \n\nFind a time that works for everyone's schedule and constraints. \nSOLUTION: Here is the proposed time: Monday, 9:30 - 10:00 \n\nTASK: You need to schedule a meeting for Angela, Timothy, Julie, Emma, Madison, Daniel and Kimberly for half an hour between the work hours of 9:00 to 17:00 on Monday. \n\nHere are the existing schedules for everyone during the day: \nAngela has meetings on Monday during 10:30 to 11:00, 14:30 to 15:00; \nTimothy is free the entire day.\nJulie is busy on Monday during 14:00 to 14:30, 15:00 to 15:30; \nEmma has meetings on Monday during 12:30 to 13:30; \nMadison has meetings on Monday during 9:30 to 10:30, 11:30 to 12:30, 13:30 to 14:00, 14:30 to 15:00, 15:30 to 16:30; \nDaniel is busy on Monday during 10:00 to 14:00, 14:30 to 15:30, 16:00 to 17:00; \nKimberly has meetings on Monday during 10:00 to 10:30, 11:00 to 14:00, 14:30 to 17:00; \n\nFind a time that works for everyone's schedule and constraints. \nSOLUTION: Here is the proposed time: Monday, 9:00 - 9:30 \n\nTASK: You need to schedule a meeting for William, Ronald, Elizabeth, Justin, Gregory, Philip and Evelyn for half an hour between the work hours of 9:00 to 17:00 on Monday. \n\nHere are the existing schedules for everyone during the day: \nWilliam is busy on Monday during 10:00 to 10:30, 12:30 to 13:00, 16:00 to 17:00; \nRonaldhas no meetings the whole day.\nElizabeth is busy on Monday during 9:00 to 10:00, 12:30 to 13:00, 14:30 to 15:00; \nJustin is busy on Monday during 12:00 to 12:30, 14:00 to 14:30; \nGregory has blocked their calendar on Monday during 10:00 to 10:30, 12:00 to 13:30, 14:00 to 15:00, 15:30 to 16:30; \nPhilip has blocked their calendar on Monday during 9:00 to 11:00, 12:30 to 13:30, 15:00 to 15:30, 16:00 to 16:30; \nEvelyn has blocked their calendar on Monday during 9:00 to 11:00, 11:30 to 13:30, 14:00 to 17:00; \n\nJustin do not want to meet on Monday after 13:30. Find a time that works for everyone's schedule and constraints. \nSOLUTION: Here is the proposed time: Monday, 11:00 - 11:30 \n\nTASK: You need to schedule a meeting for Patrick, Alice, Samuel, Joyce, Peter, Hannah and Joseph for half an hour between the work hours of 9:00 to 17:00 on Monday. \n\nHere are the existing schedules for everyone during the day: \nPatrick has blocked their calendar on Monday during 12:30 to 13:00, 14:30 to 15:00; \nAlice's calendar is wide open the entire day.\nSamuel's calendar is wide open the entire day.\nJoyce is busy on Monday during 9:00 to 9:30, 10:00 to 10:30, 11:30 to 12:00, 15:00 to 15:30; \nPeter has meetings on Monday during 9:30 to 10:00, 10:30 to 11:30, 12:00 to 13:30, 16:00 to 17:00; \nHannah has blocked their calendar on Monday during 9:00 to 10:30, 11:30 to 12:30, 15:00 to 15:30, 16:00 to 17:00; \nJoseph is busy on Monday during 9:30 to 10:00, 12:00 to 13:00, 13:30 to 14:00, 14:30 to 15:30, 16:00 to 17:00; \n\nSamuel would like to avoid more meetings on Monday after 15:00. Find a time that works for everyone's schedule and constraints. \nSOLUTION: "", 'golden_plan': 'Here is the proposed time: Monday, 14:00 - 14:30 ', 'pred_5shot_pro': ""Here is the proposed time: **Monday, 11:00 - 11:30** \n\nLet's break down why this works:\n\n* **Patrick:** Free during this time.\n* **Alice:** Free all day.\n* **Samuel:** Free all day, and this time slot is before his 15:00 preference.\n* **Joyce:** Free during this time.\n* **Peter:**  Busy 10:30 to 11:30, but free at 11:00.\n* **Hannah:** Busy 11:30 to 12:30, but free at 11:00.\n* **Joseph:** Free during this time. \n"", 'prompt_0shot': ""You are an expert at scheduling meetings. You are given a few constraints on the existing schedule of each participant, the meeting duration, and possibly some preferences on the meeting time. Note there exists a solution that works with existing schedule of every participant. Here are a few example tasks and solutions:\n\nTASK: You need to schedule a meeting for Patrick, Alice, Samuel, Joyce, Peter, Hannah and Joseph for half an hour between the work hours of 9:00 to 17:00 on Monday. \n\nHere are the existing schedules for everyone during the day: \nPatrick has blocked their calendar on Monday during 12:30 to 13:00, 14:30 to 15:00; \nAlice's calendar is wide open the entire day.\nSamuel's calendar is wide open the entire day.\nJoyce is busy on Monday during 9:00 to 9:30, 10:00 to 10:30, 11:30 to 12:00, 15:00 to 15:30; \nPeter has meetings on Monday during 9:30 to 10:00, 10:30 to 11:30, 12:00 to 13:30, 16:00 to 17:00; \nHannah has blocked their calendar on Monday during 9:00 to 10:30, 11:30 to 12:30, 15:00 to 15:30, 16:00 to 17:00; \nJoseph is busy on Monday during 9:30 to 10:00, 12:00 to 13:00, 13:30 to 14:00, 14:30 to 15:30, 16:00 to 17:00; \n\nSamuel would like to avoid more meetings on Monday after 15:00. Find a time that works for everyone's schedule and constraints. \nSOLUTION: ""}",False,3549.0,1116.0,18.41502594947815,0.0040266,cal_pot
calendar_scheduling_example_421,"**exception raised**: Code execution failed at line 'slots = find_available_slots(prompt, schedules)' due to: SyntaxError: unterminated string literal (detected at line 3) (<unknown>, line 3)","{'num_people': '7', 'num_days': '1', 'duration': '0.5', 'prompt_5shot': ""You are an expert at scheduling meetings. You are given a few constraints on the existing schedule of each participant, the meeting duration, and possibly some preferences on the meeting time. Note there exists a solution that works with existing schedule of every participant. Here are a few example tasks and solutions:\n\nTASK: You need to schedule a meeting for Dennis, Karen, Ashley, Rebecca, Bradley, Vincent and Bryan for half an hour between the work hours of 9:00 to 17:00 on Monday. \n\nHere are the existing schedules for everyone during the day: \nDennis has blocked their calendar on Monday during 15:30 to 16:00, 16:30 to 17:00; \nKaren is free the entire day.\nAshley is busy on Monday during 10:30 to 11:00, 14:00 to 15:00, 15:30 to 16:00; \nRebecca has meetings on Monday during 13:00 to 14:00; \nBradley has blocked their calendar on Monday during 9:00 to 11:00, 12:00 to 17:00; \nVincent has blocked their calendar on Monday during 10:00 to 11:30, 12:00 to 14:00, 14:30 to 15:00; \nBryan has blocked their calendar on Monday during 9:00 to 10:00, 10:30 to 11:30, 12:00 to 12:30, 14:00 to 15:00, 15:30 to 16:00; \n\nFind a time that works for everyone's schedule and constraints. \nSOLUTION: Here is the proposed time: Monday, 11:30 - 12:00 \n\nTASK: You need to schedule a meeting for Jerry, Abigail, Charlotte, Jessica, Sarah, Carol and Joan for half an hour between the work hours of 9:00 to 17:00 on Monday. \n\nHere are the existing schedules for everyone during the day: \nJerry is busy on Monday during 10:30 to 11:00, 11:30 to 12:00, 13:00 to 13:30, 14:30 to 15:00; \nAbigail is busy on Monday during 9:00 to 9:30, 11:00 to 11:30, 13:00 to 13:30, 14:30 to 15:00, 15:30 to 16:30; \nCharlotte has meetings on Monday during 12:00 to 12:30, 15:00 to 15:30, 16:00 to 17:00; \nJessica's calendar is wide open the entire day.\nSarah is busy on Monday during 10:30 to 11:30, 13:00 to 13:30, 14:30 to 17:00; \nCarol has meetings on Monday during 9:00 to 10:00, 10:30 to 15:30, 16:00 to 17:00; \nJoan has blocked their calendar on Monday during 10:30 to 13:00, 13:30 to 14:00, 15:00 to 17:00; \n\nFind a time that works for everyone's schedule and constraints. \nSOLUTION: Here is the proposed time: Monday, 10:00 - 10:30 \n\nTASK: You need to schedule a meeting for Martha, Julia, Zachary, Joseph, Joshua, Arthur and Frances for half an hour between the work hours of 9:00 to 17:00 on Monday. \n\nHere are the existing schedules for everyone during the day: \nMarthahas no meetings the whole day.\nJulia has blocked their calendar on Monday during 11:00 to 11:30, 12:30 to 13:00, 13:30 to 14:00, 16:30 to 17:00; \nZachary has blocked their calendar on Monday during 13:30 to 14:00, 15:00 to 15:30; \nJoseph has blocked their calendar on Monday during 9:00 to 9:30, 10:00 to 10:30, 12:00 to 13:00, 14:30 to 15:30; \nJoshua has blocked their calendar on Monday during 9:00 to 9:30, 10:00 to 10:30, 11:30 to 12:30, 13:00 to 14:00, 15:30 to 16:30; \nArthur has meetings on Monday during 9:00 to 9:30, 11:00 to 12:00, 13:00 to 14:30, 16:00 to 17:00; \nFrances has meetings on Monday during 10:30 to 13:30, 15:00 to 15:30, 16:00 to 16:30; \n\nFind a time that works for everyone's schedule and constraints. \nSOLUTION: Here is the proposed time: Monday, 9:30 - 10:00 \n\nTASK: You need to schedule a meeting for Angela, Timothy, Julie, Emma, Madison, Daniel and Kimberly for half an hour between the work hours of 9:00 to 17:00 on Monday. \n\nHere are the existing schedules for everyone during the day: \nAngela has meetings on Monday during 10:30 to 11:00, 14:30 to 15:00; \nTimothy is free the entire day.\nJulie is busy on Monday during 14:00 to 14:30, 15:00 to 15:30; \nEmma has meetings on Monday during 12:30 to 13:30; \nMadison has meetings on Monday during 9:30 to 10:30, 11:30 to 12:30, 13:30 to 14:00, 14:30 to 15:00, 15:30 to 16:30; \nDaniel is busy on Monday during 10:00 to 14:00, 14:30 to 15:30, 16:00 to 17:00; \nKimberly has meetings on Monday during 10:00 to 10:30, 11:00 to 14:00, 14:30 to 17:00; \n\nFind a time that works for everyone's schedule and constraints. \nSOLUTION: Here is the proposed time: Monday, 9:00 - 9:30 \n\nTASK: You need to schedule a meeting for William, Ronald, Elizabeth, Justin, Gregory, Philip and Evelyn for half an hour between the work hours of 9:00 to 17:00 on Monday. \n\nHere are the existing schedules for everyone during the day: \nWilliam is busy on Monday during 10:00 to 10:30, 12:30 to 13:00, 16:00 to 17:00; \nRonaldhas no meetings the whole day.\nElizabeth is busy on Monday during 9:00 to 10:00, 12:30 to 13:00, 14:30 to 15:00; \nJustin is busy on Monday during 12:00 to 12:30, 14:00 to 14:30; \nGregory has blocked their calendar on Monday during 10:00 to 10:30, 12:00 to 13:30, 14:00 to 15:00, 15:30 to 16:30; \nPhilip has blocked their calendar on Monday during 9:00 to 11:00, 12:30 to 13:30, 15:00 to 15:30, 16:00 to 16:30; \nEvelyn has blocked their calendar on Monday during 9:00 to 11:00, 11:30 to 13:30, 14:00 to 17:00; \n\nJustin do not want to meet on Monday after 13:30. Find a time that works for everyone's schedule and constraints. \nSOLUTION: Here is the proposed time: Monday, 11:00 - 11:30 \n\nTASK: You need to schedule a meeting for William, Julia, Katherine, Diana, Philip, Ashley and Mark for half an hour between the work hours of 9:00 to 17:00 on Monday. \n\nHere are the existing schedules for everyone during the day: \nWilliam is free the entire day.\nJulia is busy on Monday during 10:00 to 10:30, 12:00 to 12:30, 13:00 to 14:00, 15:30 to 16:30; \nKatherine's calendar is wide open the entire day.\nDiana's calendar is wide open the entire day.\nPhilip is busy on Monday during 10:00 to 11:00, 12:30 to 13:30, 15:00 to 17:00; \nAshley has meetings on Monday during 9:00 to 11:30, 12:00 to 14:00, 14:30 to 15:30, 16:00 to 16:30; \nMark has meetings on Monday during 9:30 to 11:30, 12:30 to 14:30, 15:00 to 16:00; \n\nFind a time that works for everyone's schedule and constraints. \nSOLUTION: "", 'golden_plan': 'Here is the proposed time: Monday, 11:30 - 12:00 ', 'pred_5shot_pro': ""Here is the proposed time: **Monday, 11:30 - 12:00** \n\nLet's break down why this works:\n\n* **William:** Free all day.\n* **Julia:** Free from 11:30 to 12:00.\n* **Katherine:** Free all day.\n* **Diana:** Free all day.\n* **Philip:** Free from 11:00 to 12:30.\n* **Ashley:** Free from 11:30 to 12:00.\n* **Mark:** Free from 11:30 to 12:30. \n"", 'prompt_0shot': ""You are an expert at scheduling meetings. You are given a few constraints on the existing schedule of each participant, the meeting duration, and possibly some preferences on the meeting time. Note there exists a solution that works with existing schedule of every participant. Here are a few example tasks and solutions:\n\nTASK: You need to schedule a meeting for William, Julia, Katherine, Diana, Philip, Ashley and Mark for half an hour between the work hours of 9:00 to 17:00 on Monday. \n\nHere are the existing schedules for everyone during the day: \nWilliam is free the entire day.\nJulia is busy on Monday during 10:00 to 10:30, 12:00 to 12:30, 13:00 to 14:00, 15:30 to 16:30; \nKatherine's calendar is wide open the entire day.\nDiana's calendar is wide open the entire day.\nPhilip is busy on Monday during 10:00 to 11:00, 12:30 to 13:30, 15:00 to 17:00; \nAshley has meetings on Monday during 9:00 to 11:30, 12:00 to 14:00, 14:30 to 15:30, 16:00 to 16:30; \nMark has meetings on Monday during 9:30 to 11:30, 12:30 to 14:30, 15:00 to 16:00; \n\nFind a time that works for everyone's schedule and constraints. \nSOLUTION: ""}",False,2972.0,2724.0,58.22228193283081,0.0064139999999999996,cal_pot
calendar_scheduling_example_449,"**exception raised**: Code execution failed at line 'available_slots = find_available_slots(prompt, schedules_dict)' due to: SyntaxError: unterminated string literal (detected at line 69) (<unknown>, line 69)","{'num_people': '7', 'num_days': '1', 'duration': '0.5', 'prompt_5shot': ""You are an expert at scheduling meetings. You are given a few constraints on the existing schedule of each participant, the meeting duration, and possibly some preferences on the meeting time. Note there exists a solution that works with existing schedule of every participant. Here are a few example tasks and solutions:\n\nTASK: You need to schedule a meeting for Dennis, Karen, Ashley, Rebecca, Bradley, Vincent and Bryan for half an hour between the work hours of 9:00 to 17:00 on Monday. \n\nHere are the existing schedules for everyone during the day: \nDennis has blocked their calendar on Monday during 15:30 to 16:00, 16:30 to 17:00; \nKaren is free the entire day.\nAshley is busy on Monday during 10:30 to 11:00, 14:00 to 15:00, 15:30 to 16:00; \nRebecca has meetings on Monday during 13:00 to 14:00; \nBradley has blocked their calendar on Monday during 9:00 to 11:00, 12:00 to 17:00; \nVincent has blocked their calendar on Monday during 10:00 to 11:30, 12:00 to 14:00, 14:30 to 15:00; \nBryan has blocked their calendar on Monday during 9:00 to 10:00, 10:30 to 11:30, 12:00 to 12:30, 14:00 to 15:00, 15:30 to 16:00; \n\nFind a time that works for everyone's schedule and constraints. \nSOLUTION: Here is the proposed time: Monday, 11:30 - 12:00 \n\nTASK: You need to schedule a meeting for Jerry, Abigail, Charlotte, Jessica, Sarah, Carol and Joan for half an hour between the work hours of 9:00 to 17:00 on Monday. \n\nHere are the existing schedules for everyone during the day: \nJerry is busy on Monday during 10:30 to 11:00, 11:30 to 12:00, 13:00 to 13:30, 14:30 to 15:00; \nAbigail is busy on Monday during 9:00 to 9:30, 11:00 to 11:30, 13:00 to 13:30, 14:30 to 15:00, 15:30 to 16:30; \nCharlotte has meetings on Monday during 12:00 to 12:30, 15:00 to 15:30, 16:00 to 17:00; \nJessica's calendar is wide open the entire day.\nSarah is busy on Monday during 10:30 to 11:30, 13:00 to 13:30, 14:30 to 17:00; \nCarol has meetings on Monday during 9:00 to 10:00, 10:30 to 15:30, 16:00 to 17:00; \nJoan has blocked their calendar on Monday during 10:30 to 13:00, 13:30 to 14:00, 15:00 to 17:00; \n\nFind a time that works for everyone's schedule and constraints. \nSOLUTION: Here is the proposed time: Monday, 10:00 - 10:30 \n\nTASK: You need to schedule a meeting for Martha, Julia, Zachary, Joseph, Joshua, Arthur and Frances for half an hour between the work hours of 9:00 to 17:00 on Monday. \n\nHere are the existing schedules for everyone during the day: \nMarthahas no meetings the whole day.\nJulia has blocked their calendar on Monday during 11:00 to 11:30, 12:30 to 13:00, 13:30 to 14:00, 16:30 to 17:00; \nZachary has blocked their calendar on Monday during 13:30 to 14:00, 15:00 to 15:30; \nJoseph has blocked their calendar on Monday during 9:00 to 9:30, 10:00 to 10:30, 12:00 to 13:00, 14:30 to 15:30; \nJoshua has blocked their calendar on Monday during 9:00 to 9:30, 10:00 to 10:30, 11:30 to 12:30, 13:00 to 14:00, 15:30 to 16:30; \nArthur has meetings on Monday during 9:00 to 9:30, 11:00 to 12:00, 13:00 to 14:30, 16:00 to 17:00; \nFrances has meetings on Monday during 10:30 to 13:30, 15:00 to 15:30, 16:00 to 16:30; \n\nFind a time that works for everyone's schedule and constraints. \nSOLUTION: Here is the proposed time: Monday, 9:30 - 10:00 \n\nTASK: You need to schedule a meeting for Angela, Timothy, Julie, Emma, Madison, Daniel and Kimberly for half an hour between the work hours of 9:00 to 17:00 on Monday. \n\nHere are the existing schedules for everyone during the day: \nAngela has meetings on Monday during 10:30 to 11:00, 14:30 to 15:00; \nTimothy is free the entire day.\nJulie is busy on Monday during 14:00 to 14:30, 15:00 to 15:30; \nEmma has meetings on Monday during 12:30 to 13:30; \nMadison has meetings on Monday during 9:30 to 10:30, 11:30 to 12:30, 13:30 to 14:00, 14:30 to 15:00, 15:30 to 16:30; \nDaniel is busy on Monday during 10:00 to 14:00, 14:30 to 15:30, 16:00 to 17:00; \nKimberly has meetings on Monday during 10:00 to 10:30, 11:00 to 14:00, 14:30 to 17:00; \n\nFind a time that works for everyone's schedule and constraints. \nSOLUTION: Here is the proposed time: Monday, 9:00 - 9:30 \n\nTASK: You need to schedule a meeting for William, Ronald, Elizabeth, Justin, Gregory, Philip and Evelyn for half an hour between the work hours of 9:00 to 17:00 on Monday. \n\nHere are the existing schedules for everyone during the day: \nWilliam is busy on Monday during 10:00 to 10:30, 12:30 to 13:00, 16:00 to 17:00; \nRonaldhas no meetings the whole day.\nElizabeth is busy on Monday during 9:00 to 10:00, 12:30 to 13:00, 14:30 to 15:00; \nJustin is busy on Monday during 12:00 to 12:30, 14:00 to 14:30; \nGregory has blocked their calendar on Monday during 10:00 to 10:30, 12:00 to 13:30, 14:00 to 15:00, 15:30 to 16:30; \nPhilip has blocked their calendar on Monday during 9:00 to 11:00, 12:30 to 13:30, 15:00 to 15:30, 16:00 to 16:30; \nEvelyn has blocked their calendar on Monday during 9:00 to 11:00, 11:30 to 13:30, 14:00 to 17:00; \n\nJustin do not want to meet on Monday after 13:30. Find a time that works for everyone's schedule and constraints. \nSOLUTION: Here is the proposed time: Monday, 11:00 - 11:30 \n\nTASK: You need to schedule a meeting for Walter, Frances, Martha, Lori, Beverly, Christine and Catherine for half an hour between the work hours of 9:00 to 17:00 on Monday. \n\nHere are the existing schedules for everyone during the day: \nWalter is free the entire day.\nFrances's calendar is wide open the entire day.\nMartha has meetings on Monday during 9:00 to 9:30, 10:30 to 11:00, 12:30 to 13:00, 13:30 to 14:00; \nLorihas no meetings the whole day.\nBeverly has blocked their calendar on Monday during 9:00 to 10:00, 10:30 to 11:00, 12:30 to 15:00, 15:30 to 16:00, 16:30 to 17:00; \nChristine has meetings on Monday during 9:00 to 11:00, 11:30 to 12:30, 13:00 to 14:00, 14:30 to 16:00, 16:30 to 17:00; \nCatherine is busy on Monday during 9:00 to 10:30, 11:30 to 12:00, 13:00 to 14:00, 15:00 to 17:00; \n\nFind a time that works for everyone's schedule and constraints. \nSOLUTION: "", 'golden_plan': 'Here is the proposed time: Monday, 11:00 - 11:30 ', 'pred_5shot_pro': 'Here is the proposed time: **Monday, 12:00 - 12:30** \n', 'prompt_0shot': ""You are an expert at scheduling meetings. You are given a few constraints on the existing schedule of each participant, the meeting duration, and possibly some preferences on the meeting time. Note there exists a solution that works with existing schedule of every participant. Here are a few example tasks and solutions:\n\nTASK: You need to schedule a meeting for Walter, Frances, Martha, Lori, Beverly, Christine and Catherine for half an hour between the work hours of 9:00 to 17:00 on Monday. \n\nHere are the existing schedules for everyone during the day: \nWalter is free the entire day.\nFrances's calendar is wide open the entire day.\nMartha has meetings on Monday during 9:00 to 9:30, 10:30 to 11:00, 12:30 to 13:00, 13:30 to 14:00; \nLorihas no meetings the whole day.\nBeverly has blocked their calendar on Monday during 9:00 to 10:00, 10:30 to 11:00, 12:30 to 15:00, 15:30 to 16:00, 16:30 to 17:00; \nChristine has meetings on Monday during 9:00 to 11:00, 11:30 to 12:30, 13:00 to 14:00, 14:30 to 16:00, 16:30 to 17:00; \nCatherine is busy on Monday during 9:00 to 10:30, 11:30 to 12:00, 13:00 to 14:00, 15:00 to 17:00; \n\nFind a time that works for everyone's schedule and constraints. \nSOLUTION: ""}",False,3150.0,2859.0,70.0241346359253,0.0067503,cal_pot
